# x_m,y_m,w_tr_right_m,w_tr_left_m
6.968064516129032,0.1675612903225806,0.22,0.22
6.998387096774193,0.200474193548387,0.22,0.22
7.0206451612903225,0.2249322580645161,0.22,0.22
7.042903225806452,0.2493838709677419,0.22,0.22
7.065483870967742,0.2738290322580645,0.22,0.22
7.087741935483871,0.2982645161290322,0.22,0.22
7.11,0.3226774193548387,0.22,0.22
7.132258064516129,0.3470967741935484,0.22,0.22
7.154516129032258,0.3714838709677419,0.22,0.22
7.176774193548387,0.3958387096774193,0.22,0.22
7.199032258064515,0.4201935483870967,0.22,0.22
7.221290322580645,0.444516129032258,0.22,0.22
7.243548387096775,0.4688064516129032,0.22,0.22
7.265806451612904,0.4930967741935483,0.22,0.22
7.28774193548387,0.5173225806451612,0.22,0.22
7.31,0.5415483870967742,0.22,0.22
7.331935483870968,0.565741935483871,0.22,0.22
7.354193548387096,0.5899032258064516,0.22,0.22
7.376129032258064,0.6140322580645161,0.22,0.22
7.398387096774194,0.6381612903225807,0.22,0.22
7.420322580645161,0.6622258064516129,0.22,0.22
7.442258064516129,0.6862903225806452,0.22,0.22
7.464193548387096,0.7103548387096774,0.22,0.22
7.486129032258065,0.7343548387096774,0.22,0.22
7.508064516129032,0.7583548387096775,0.22,0.22
7.53,0.7823225806451612,0.22,0.22
7.551935483870968,0.8062903225806451,0.22,0.22
7.573870967741935,0.8302258064516128,0.22,0.22
7.595483870967742,0.8541290322580646,0.22,0.22
7.617419354838709,0.8780322580645161,0.22,0.22
7.639354838709677,0.9019354838709678,0.22,0.22
7.661290322580645,0.9258064516129032,0.22,0.22
7.682903225806451,0.9496774193548388,0.22,0.22
7.70483870967742,0.9735483870967742,0.22,0.22
7.726451612903226,0.9973870967741936,0.22,0.22
7.748387096774193,1.021258064516129,0.22,0.22
7.7703225806451615,1.0450645161290322,0.22,0.22
7.791935483870968,1.0689032258064517,0.22,0.22
7.813870967741935,1.092709677419355,0.22,0.22
7.835483870967742,1.1165483870967745,0.22,0.22
7.85741935483871,1.1403548387096774,0.22,0.22
7.879032258064516,1.1641290322580646,0.22,0.22
7.900967741935484,1.1879354838709677,0.22,0.22
7.922580645161291,1.211709677419355,0.22,0.22
7.944516129032258,1.2354838709677418,0.22,0.22
7.966129032258064,1.259258064516129,0.22,0.22
7.988064516129032,1.2830322580645162,0.22,0.22
8.01,1.3068064516129032,0.22,0.22
8.031612903225806,1.3305483870967745,0.22,0.22
8.053548387096773,1.354290322580645,0.22,0.22
8.075483870967743,1.378032258064516,0.22,0.22
8.097096774193549,1.401741935483871,0.22,0.22
8.119032258064516,1.4254516129032258,0.22,0.22
8.140967741935484,1.4491612903225806,0.22,0.22
8.16258064516129,1.4728709677419354,0.22,0.22
8.184516129032257,1.4965483870967742,0.22,0.22
8.206451612903226,1.520225806451613,0.22,0.22
8.228387096774194,1.5439032258064516,0.22,0.22
8.25,1.5675806451612904,0.22,0.22
8.271935483870967,1.591225806451613,0.22,0.22
8.293870967741936,1.6148709677419355,0.22,0.22
8.315806451612904,1.638516129032258,0.22,0.22
8.337741935483871,1.6621612903225806,0.22,0.22
8.359677419354838,1.6858064516129032,0.22,0.22
8.381612903225806,1.7094516129032258,0.22,0.22
8.403225806451612,1.7330645161290323,0.22,0.22
8.425161290322581,1.756677419354839,0.22,0.22
8.447096774193549,1.7803225806451612,0.22,0.22
8.469032258064518,1.803935483870968,0.22,0.22
8.490967741935485,1.8275806451612904,0.22,0.22
8.51290322580645,1.8511935483870967,0.22,0.22
8.53483870967742,1.8748387096774195,0.22,0.22
8.556774193548387,1.898483870967742,0.22,0.22
8.578709677419354,1.9221290322580644,0.22,0.22
8.600645161290323,1.9457741935483872,0.22,0.22
8.62258064516129,1.9694193548387096,0.22,0.22
8.644516129032258,1.9930967741935484,0.22,0.22
8.666129032258064,2.016741935483871,0.22,0.22
8.688064516129032,2.040419354838709,0.22,0.22
8.709999999999999,2.0640967741935485,0.22,0.22
8.731935483870968,2.087806451612903,0.22,0.22
8.753870967741936,2.111483870967742,0.22,0.22
8.775806451612903,2.1351935483870967,0.22,0.22
8.797741935483872,2.158903225806452,0.22,0.22
8.81967741935484,2.1826129032258064,0.22,0.22
8.841612903225805,2.2063548387096774,0.22,0.22
8.863548387096774,2.2300645161290324,0.22,0.22
8.885483870967741,2.253806451612903,0.22,0.22
8.90741935483871,2.277516129032258,0.22,0.22
8.929354838709678,2.301258064516129,0.22,0.22
8.951290322580645,2.325,0.22,0.22
8.973548387096775,2.3487096774193548,0.22,0.22
8.995483870967742,2.372451612903226,0.22,0.22
9.01741935483871,2.396161290322581,0.22,0.22
9.03935483870968,2.4198709677419354,0.22,0.22
9.061290322580644,2.443548387096774,0.22,0.22
9.083548387096773,2.467258064516129,0.22,0.22
9.105483870967742,2.490935483870968,0.22,0.22
9.12741935483871,2.51458064516129,0.22,0.22
9.149677419354838,2.5382258064516128,0.22,0.22
9.171612903225808,2.561870967741936,0.22,0.22
9.193870967741937,2.585483870967742,0.22,0.22
9.216129032258063,2.6090645161290325,0.22,0.22
9.238064516129032,2.6326129032258065,0.22,0.22
9.26032258064516,2.6561290322580646,0.22,0.22
9.282580645161293,2.6796451612903227,0.22,0.22
9.30483870967742,2.7031290322580643,0.22,0.22
9.327096774193548,2.7265806451612904,0.22,0.22
9.349354838709678,2.7499677419354835,0.22,0.22
9.371612903225806,2.7733548387096776,0.22,0.22
9.393870967741934,2.7966774193548387,0.22,0.22
9.416129032258064,2.82,0.22,0.22
9.438709677419356,2.8432580645161294,0.22,0.22
9.460967741935484,2.866483870967742,0.22,0.22
9.483548387096777,2.8896451612903222,0.22,0.22
9.505806451612903,2.9127741935483877,0.22,0.22
9.528387096774193,2.9358709677419355,0.22,0.22
9.550967741935484,2.958935483870968,0.22,0.22
9.573548387096771,2.981935483870968,0.22,0.22
9.596129032258066,3.0048709677419354,0.22,0.22
9.618709677419355,3.027774193548387,0.22,0.22
9.641612903225806,3.0506451612903223,0.22,0.22
9.664193548387097,3.073451612903226,0.22,0.22
9.687096774193549,3.0961935483870966,0.22,0.22
9.71,3.118903225806452,0.22,0.22
9.732903225806451,3.1415483870967744,0.22,0.22
9.755806451612903,3.1641612903225806,0.22,0.22
9.778709677419354,3.186709677419355,0.22,0.22
9.801935483870968,3.2091935483870966,0.22,0.22
9.82516129032258,3.2316129032258067,0.22,0.22
9.848064516129034,3.2538709677419355,0.22,0.22
9.871290322580643,3.2764516129032257,0.22,0.22
9.894516129032258,3.298709677419355,0.22,0.22
9.918064516129032,3.3206451612903227,0.22,0.22
9.941290322580643,3.3429032258064515,0.22,0.22
9.96483870967742,3.3651612903225803,0.22,0.22
9.988064516129032,3.3870967741935485,0.22,0.22
10.011612903225808,3.4090322580645163,0.22,0.22
10.035483870967743,3.430967741935484,0.22,0.22
10.059032258064516,3.452903225806452,0.22,0.22
10.08258064516129,3.4745161290322577,0.22,0.22
10.106451612903228,3.496451612903226,0.22,0.22
10.130322580645162,3.5180645161290323,0.22,0.22
10.154193548387097,3.539677419354839,0.22,0.22
10.178064516129032,3.5612903225806454,0.22,0.22
10.201935483870969,3.5829032258064517,0.22,0.22
10.225806451612904,3.604193548387097,0.22,0.22
10.25,3.625806451612904,0.22,0.22
10.274193548387096,3.647096774193548,0.22,0.22
10.298064516129031,3.6683870967741936,0.22,0.22
10.322258064516127,3.6893548387096775,0.22,0.22
10.346774193548388,3.7106451612903215,0.22,0.22
10.370967741935484,3.731935483870968,0.22,0.22
10.39516129032258,3.752903225806452,0.22,0.22
10.41967741935484,3.773870967741936,0.22,0.22
10.444193548387096,3.794838709677419,0.22,0.22
10.468709677419351,3.8158064516129033,0.22,0.22
10.493225806451614,3.836451612903226,0.22,0.22
10.51774193548387,3.8574193548387097,0.22,0.22
10.54225806451613,3.878064516129032,0.22,0.22
10.567096774193548,3.898709677419355,0.22,0.22
10.591612903225805,3.9193548387096775,0.22,0.22
10.616451612903226,3.94,0.22,0.22
10.641290322580645,3.9606451612903215,0.22,0.22
10.666129032258064,3.980967741935484,0.22,0.22
10.690967741935484,4.001290322580646,0.22,0.22
10.716129032258063,4.021935483870968,0.22,0.22
10.740967741935483,4.042258064516129,0.22,0.22
10.766129032258064,4.06258064516129,0.22,0.22
10.790967741935484,4.082580645161291,0.22,0.22
10.816129032258065,4.102903225806451,0.22,0.22
10.841290322580644,4.122903225806452,0.22,0.22
10.866451612903226,4.143225806451613,0.22,0.22
10.891612903225806,4.163225806451613,0.22,0.22
10.91709677419355,4.183225806451613,0.22,0.22
10.942258064516128,4.203225806451614,0.22,0.22
10.96774193548387,4.222903225806451,0.22,0.22
10.992903225806453,4.242903225806452,0.22,0.22
11.018387096774193,4.2625806451612895,0.22,0.22
11.043870967741936,4.282258064516129,0.22,0.22
11.069354838709677,4.3022580645161295,0.22,0.22
11.09483870967742,4.321612903225806,0.22,0.22
11.120645161290325,4.341290322580646,0.22,0.22
11.146129032258065,4.360967741935484,0.22,0.22
11.171935483870968,4.380322580645161,0.22,0.22
11.19741935483871,4.4,0.22,0.22
11.223225806451614,4.419354838709677,0.22,0.22
11.249032258064515,4.438709677419355,0.22,0.22
11.274838709677418,4.457741935483871,0.22,0.22
11.300645161290324,4.477096774193548,0.22,0.22
11.326451612903226,4.4964516129032255,0.22,0.22
11.352580645161291,4.515483870967741,0.22,0.22
11.378387096774194,4.534516129032258,0.22,0.22
11.404516129032258,4.553548387096774,0.22,0.22
11.43032258064516,4.57258064516129,0.22,0.22
11.456451612903225,4.591612903225807,0.22,0.22
11.48258064516129,4.610322580645161,0.22,0.22
11.508709677419354,4.629354838709677,0.22,0.22
11.53483870967742,4.648064516129033,0.22,0.22
11.560967741935483,4.666774193548386,0.22,0.22
11.587419354838708,4.685483870967742,0.22,0.22
11.613548387096774,4.704193548387098,0.22,0.22
11.64,4.72258064516129,0.22,0.22
11.666129032258064,4.741290322580645,0.22,0.22
11.692580645161293,4.759677419354839,0.22,0.22
11.719032258064518,4.7780645161290325,0.22,0.22
11.745483870967742,4.796451612903225,0.22,0.22
11.771935483870967,4.814838709677419,0.22,0.22
11.798387096774194,4.833225806451614,0.22,0.22
11.82516129032258,4.8512903225806445,0.22,0.22
11.851612903225806,4.869677419354839,0.22,0.22
11.878387096774194,4.887741935483871,0.22,0.22
11.90483870967742,4.905806451612904,0.22,0.22
11.931612903225806,4.923870967741936,0.22,0.22
11.958387096774192,4.941935483870967,0.22,0.22
11.985161290322582,4.959677419354839,0.22,0.22
12.011935483870968,4.97741935483871,0.22,0.22
12.039032258064516,4.995483870967743,0.22,0.22
12.065806451612904,5.013225806451612,0.22,0.22
12.09290322580645,5.030645161290322,0.22,0.22
12.12,5.048387096774194,0.22,0.22
12.146774193548389,5.065806451612903,0.22,0.22
12.173870967741935,5.083225806451614,0.22,0.22
12.201290322580643,5.1006451612903225,0.22,0.22
12.228387096774194,5.118064516129032,0.22,0.22
12.255483870967742,5.135483870967741,0.22,0.22
12.282903225806452,5.15258064516129,0.22,0.22
12.31,5.169677419354838,0.22,0.22
12.337419354838708,5.186774193548387,0.22,0.22
12.36483870967742,5.203870967741936,0.22,0.22
12.39225806451613,5.220645161290323,0.22,0.22
12.41967741935484,5.237419354838711,0.22,0.22
12.44741935483871,5.2541935483870965,0.22,0.22
12.47483870967742,5.270967741935484,0.22,0.22
12.50258064516129,5.28774193548387,0.22,0.22
12.53,5.304193548387097,0.22,0.22
12.557741935483872,5.320967741935483,0.22,0.22
12.58548387096774,5.33741935483871,0.22,0.22
12.613225806451611,5.353870967741935,0.22,0.22
12.640967741935484,5.37,0.22,0.22
12.668709677419356,5.386451612903225,0.22,0.22
12.696451612903225,5.40258064516129,0.22,0.22
12.724193548387095,5.419032258064516,0.22,0.22
12.752258064516129,5.435161290322581,0.22,0.22
12.78,5.451290322580645,0.22,0.22
12.808064516129033,5.46741935483871,0.22,0.22
12.835806451612903,5.483225806451612,0.22,0.22
12.863870967741937,5.499354838709677,0.22,0.22
12.891935483870968,5.515483870967741,0.22,0.22
12.92,5.531290322580645,0.22,0.22
12.94774193548387,5.547096774193549,0.22,0.22
12.975806451612904,5.563225806451613,0.22,0.22
13.003870967741936,5.579032258064516,0.22,0.22
13.031935483870967,5.594838709677419,0.22,0.22
13.06,5.610645161290323,0.22,0.22
13.088064516129032,5.626451612903225,0.22,0.22
13.116451612903226,5.642258064516129,0.22,0.22
13.144516129032258,5.658064516129032,0.22,0.22
13.172580645161291,5.673870967741936,0.22,0.22
13.200645161290325,5.6893548387096775,0.22,0.22
13.228709677419356,5.7051612903225815,0.22,0.22
13.257096774193547,5.720967741935484,0.22,0.22
13.28516129032258,5.736774193548388,0.22,0.22
13.313548387096777,5.752258064516129,0.22,0.22
13.341612903225805,5.768064516129033,0.22,0.22
13.369677419354838,5.783870967741936,0.22,0.22
13.39806451612903,5.799354838709678,0.22,0.22
13.426129032258064,5.815161290322581,0.22,0.22
13.454516129032257,5.830967741935484,0.22,0.22
13.48258064516129,5.846451612903226,0.22,0.22
13.510967741935485,5.862258064516129,0.22,0.22
13.539032258064516,5.877741935483871,0.22,0.22
13.567419354838709,5.893548387096774,0.22,0.22
13.595483870967742,5.909354838709677,0.22,0.22
13.623870967741937,5.924838709677419,0.22,0.22
13.652258064516127,5.940645161290322,0.22,0.22
13.68032258064516,5.956129032258064,0.22,0.22
13.708709677419357,5.971935483870968,0.22,0.22
13.736774193548388,5.987419354838711,0.22,0.22
13.76516129032258,6.003225806451613,0.22,0.22
13.793225806451613,6.018709677419356,0.22,0.22
13.821612903225809,6.034516129032258,0.22,0.22
13.84967741935484,6.050000000000001,0.22,0.22
13.878064516129031,6.065806451612903,0.22,0.22
13.906129032258065,6.081612903225807,0.22,0.22
13.93451612903226,6.097096774193548,0.22,0.22
13.962580645161289,6.112580645161291,0.22,0.22
13.990967741935483,6.128387096774193,0.22,0.22
14.019354838709678,6.143870967741936,0.22,0.22
14.047419354838713,6.159677419354838,0.22,0.22
14.075806451612904,6.175161290322581,0.22,0.22
14.103870967741935,6.190967741935483,0.22,0.22
14.13225806451613,6.206451612903226,0.22,0.22
14.160322580645165,6.2222580645161285,0.22,0.22
14.188387096774193,6.237741935483872,0.22,0.22
14.216774193548387,6.253225806451613,0.22,0.22
14.24483870967742,6.269032258064517,0.22,0.22
14.273225806451611,6.284516129032258,0.22,0.22
14.301290322580645,6.300000000000001,0.22,0.22
14.32967741935484,6.315806451612903,0.22,0.22
14.35774193548387,6.331290322580646,0.22,0.22
14.376774193548387,6.341612903225807,0.22,0.22
14.39548387096774,6.352258064516128,0.22,0.22
14.414193548387097,6.362580645161291,0.22,0.22
14.442580645161293,6.378064516129032,0.22,0.22
14.470645161290324,6.393870967741936,0.22,0.22
14.499032258064515,6.409354838709677,0.22,0.22
14.527096774193549,6.424838709677419,0.22,0.22
14.55516129032258,6.440645161290322,0.22,0.22
14.583548387096773,6.456129032258064,0.22,0.22
14.611612903225806,6.471612903225807,0.22,0.22
14.639677419354838,6.487419354838711,0.22,0.22
14.667741935483871,6.502903225806452,0.22,0.22
14.695806451612905,6.518709677419356,0.22,0.22
14.723870967741936,6.534516129032258,0.22,0.22
14.751935483870968,6.550000000000001,0.22,0.22
14.78032258064516,6.565806451612903,0.22,0.22
14.808064516129033,6.581612903225807,0.22,0.22
14.836129032258064,6.59741935483871,0.22,0.22
14.864193548387098,6.613225806451613,0.22,0.22
14.89225806451613,6.629032258064516,0.22,0.22
14.92032258064516,6.64483870967742,0.22,0.22
14.948387096774193,6.660645161290322,0.22,0.22
14.976129032258063,6.676451612903226,0.22,0.22
15.004193548387097,6.69258064516129,0.22,0.22
15.031935483870967,6.708387096774194,0.22,0.22
15.06,6.724516129032258,0.22,0.22
15.087741935483873,6.740645161290323,0.22,0.22
15.115806451612904,6.756774193548387,0.22,0.22
15.143548387096772,6.772903225806452,0.22,0.22
15.171290322580646,6.789354838709677,0.22,0.22
15.199032258064516,6.805483870967742,0.22,0.22
15.226774193548389,6.821935483870967,0.22,0.22
15.254516129032258,6.838387096774194,0.22,0.22
15.28225806451613,6.854838709677419,0.22,0.22
15.30967741935484,6.871290322580645,0.22,0.22
15.337419354838708,6.888064516129032,0.22,0.22
15.36516129032258,6.904516129032258,0.22,0.22
15.39258064516129,6.921290322580645,0.22,0.22
15.42,6.938064516129033,0.22,0.22
15.44774193548387,6.95483870967742,0.22,0.22
15.475161290322582,6.971935483870968,0.22,0.22
15.50258064516129,6.989032258064516,0.22,0.22
15.53,7.005806451612903,0.22,0.22
15.557096774193548,7.022903225806452,0.22,0.22
15.584516129032258,7.040322580645161,0.22,0.22
15.611935483870967,7.05741935483871,0.22,0.22
15.639032258064516,7.074838709677419,0.22,0.22
15.666129032258064,7.091935483870968,0.22,0.22
15.693548387096774,7.1093548387096765,0.22,0.22
15.720645161290324,7.126774193548387,0.22,0.22
15.747741935483871,7.144516129032258,0.22,0.22
15.774838709677418,7.161935483870968,0.22,0.22
15.801935483870968,7.179677419354839,0.22,0.22
15.829032258064515,7.1970967741935485,0.22,0.22
15.855806451612905,7.214838709677419,0.22,0.22
15.882903225806452,7.23258064516129,0.22,0.22
15.90967741935484,7.250322580645161,0.22,0.22
15.936774193548388,7.268064516129033,0.22,0.22
15.963548387096774,7.285806451612903,0.22,0.22
15.990645161290322,7.303870967741935,0.22,0.22
16.01741935483871,7.321612903225806,0.22,0.22
16.044193548387096,7.339677419354839,0.22,0.22
16.070967741935483,7.357741935483871,0.22,0.22
16.09774193548387,7.375483870967741,0.22,0.22
16.12451612903226,7.393548387096774,0.22,0.22
16.151290322580646,7.411612903225806,0.22,0.22
16.17806451612903,7.429677419354839,0.22,0.22
16.204516129032257,7.4477419354838705,0.22,0.22
16.231290322580644,7.465806451612903,0.22,0.22
16.258064516129032,7.484193548387096,0.22,0.22
16.28451612903226,7.502258064516129,0.22,0.22
16.31096774193548,7.520645161290322,0.22,0.22
16.337741935483873,7.538709677419354,0.22,0.22
16.364193548387096,7.557096774193549,0.22,0.22
16.390645161290323,7.575483870967742,0.22,0.22
16.41709677419355,7.593870967741935,0.22,0.22
16.443225806451615,7.612258064516129,0.22,0.22
16.469677419354838,7.630645161290323,0.22,0.22
16.495806451612903,7.649032258064516,0.22,0.22
16.521935483870966,7.66774193548387,0.22,0.22
16.54806451612903,7.686451612903226,0.22,0.22
16.573870967741936,7.705161290322581,0.22,0.22
16.59967741935484,7.724193548387096,0.22,0.22
16.62548387096774,7.743225806451613,0.22,0.22
16.65096774193548,7.762258064516128,0.22,0.22
16.676451612903225,7.781290322580645,0.22,0.22
16.701612903225808,7.800967741935485,0.22,0.22
16.726451612903226,7.820322580645161,0.22,0.22
16.751290322580644,7.84,0.22,0.22
16.77548387096774,7.86,0.22,0.22
16.799677419354836,7.88,0.22,0.22
16.823548387096775,7.900322580645161,0.22,0.22
16.846774193548388,7.920967741935484,0.22,0.22
16.86967741935484,7.941612903225806,0.22,0.22
16.892258064516128,7.962903225806452,0.22,0.22
16.914193548387097,7.984193548387096,0.22,0.22
16.9358064516129,8.005806451612903,0.22,0.22
16.956451612903226,8.02774193548387,0.22,0.22
16.976774193548387,8.049677419354838,0.22,0.22
16.996129032258064,8.072258064516129,0.22,0.22
17.01483870967742,8.095161290322581,0.22,0.22
17.03290322580645,8.118064516129031,0.22,0.22
17.049999999999997,8.141612903225806,0.22,0.22
17.066129032258065,8.165161290322581,0.22,0.22
17.081290322580646,8.189032258064517,0.22,0.22
17.095483870967744,8.213225806451613,0.22,0.22
17.108709677419355,8.237741935483871,0.22,0.22
17.120645161290323,8.262258064516129,0.22,0.22
17.131612903225808,8.287096774193548,0.22,0.22
17.141290322580645,8.31225806451613,0.22,0.22
17.15,8.337419354838708,0.22,0.22
17.157096774193548,8.362580645161291,0.22,0.22
17.16290322580645,8.388064516129031,0.22,0.22
17.16741935483871,8.413225806451614,0.22,0.22
17.17064516129032,8.438709677419356,0.22,0.22
17.17258064516129,8.463870967741935,0.22,0.22
17.17290322580645,8.489032258064517,0.22,0.22
17.171935483870968,8.514193548387096,0.22,0.22
17.169677419354837,8.539032258064516,0.22,0.22
17.1658064516129,8.563870967741936,0.22,0.22
17.160645161290322,8.588064516129032,0.22,0.22
17.153870967741934,8.61225806451613,0.22,0.22
17.145806451612902,8.636129032258065,0.22,0.22
17.136451612903226,8.65967741935484,0.22,0.22
17.125806451612902,8.682580645161291,0.22,0.22
17.113548387096774,8.70516129032258,0.22,0.22
17.100322580645162,8.72709677419355,0.22,0.22
17.085806451612903,8.749032258064517,0.22,0.22
17.07,8.77,0.22,0.22
17.05290322580645,8.790645161290323,0.22,0.22
17.03483870967742,8.810967741935483,0.22,0.22
17.015806451612903,8.830322580645161,0.22,0.22
16.995806451612903,8.849677419354839,0.22,0.22
16.97483870967742,8.868064516129033,0.22,0.22
16.952903225806452,8.886129032258065,0.22,0.22
16.93032258064516,8.903548387096773,0.22,0.22
16.906774193548387,8.920645161290324,0.22,0.22
16.88258064516129,8.937096774193549,0.22,0.22
16.857741935483872,8.953225806451613,0.22,0.22
16.831935483870968,8.968709677419353,0.22,0.22
16.806129032258063,8.983870967741936,0.22,0.22
16.779354838709676,8.998709677419354,0.22,0.22
16.75225806451613,9.01290322580645,0.22,0.22
16.72483870967742,9.026774193548386,0.22,0.22
16.69677419354839,9.04,0.22,0.22
16.668709677419354,9.053225806451612,0.22,0.22
16.64,9.066129032258065,0.22,0.22
16.611290322580647,9.078387096774192,0.22,0.22
16.581935483870968,9.09032258064516,0.22,0.22
16.55258064516129,9.10225806451613,0.22,0.22
16.523225806451613,9.113548387096774,0.22,0.22
16.493548387096773,9.12483870967742,0.22,0.22
16.463548387096775,9.135806451612902,0.22,0.22
16.433548387096774,9.146451612903226,0.22,0.22
16.403225806451612,9.156774193548388,0.22,0.22
16.37290322580645,9.166774193548388,0.22,0.22
16.34258064516129,9.176774193548388,0.22,0.22
16.31193548387097,9.186451612903223,0.22,0.22
16.281612903225806,9.195806451612905,0.22,0.22
16.250967741935483,9.20516129032258,0.22,0.22
16.22,9.214193548387096,0.22,0.22
16.18935483870968,9.222903225806451,0.22,0.22
16.158387096774195,9.231290322580646,0.22,0.22
16.12741935483871,9.23967741935484,0.22,0.22
16.096451612903227,9.247741935483871,0.22,0.22
16.065161290322582,9.255806451612903,0.22,0.22
16.034193548387098,9.263548387096774,0.22,0.22
16.002903225806453,9.270967741935484,0.22,0.22
15.971612903225807,9.278387096774193,0.22,0.22
15.94032258064516,9.285483870967743,0.22,0.22
15.908709677419356,9.29258064516129,0.22,0.22
15.87741935483871,9.299354838709675,0.22,0.22
15.845806451612903,9.306129032258063,0.22,0.22
15.814516129032258,9.31258064516129,0.22,0.22
15.782903225806452,9.319032258064516,0.22,0.22
15.751290322580646,9.32516129032258,0.22,0.22
15.71967741935484,9.331290322580644,0.22,0.22
15.68774193548387,9.337096774193547,0.22,0.22
15.656129032258065,9.34290322580645,0.22,0.22
15.62451612903226,9.348709677419356,0.22,0.22
15.59258064516129,9.354193548387098,0.22,0.22
15.560645161290322,9.359354838709676,0.22,0.22
15.529032258064516,9.36451612903226,0.22,0.22
15.49709677419355,9.369677419354838,0.22,0.22
15.46516129032258,9.37483870967742,0.22,0.22
15.433225806451611,9.379677419354838,0.22,0.22
15.401290322580644,9.384516129032258,0.22,0.22
15.369354838709675,9.389032258064516,0.22,0.22
15.337419354838708,9.393548387096772,0.22,0.22
15.305483870967745,9.39806451612903,0.22,0.22
15.273548387096774,9.402258064516127,0.22,0.22
15.241612903225809,9.406451612903227,0.22,0.22
15.209677419354838,9.410645161290324,0.22,0.22
15.177741935483873,9.41451612903226,0.22,0.22
15.14548387096774,9.418387096774197,0.22,0.22
15.113548387096774,9.422258064516129,0.22,0.22
15.081612903225803,9.425806451612903,0.22,0.22
15.04967741935484,9.429354838709678,0.22,0.22
15.01774193548387,9.432580645161291,0.22,0.22
14.985483870967744,9.436129032258064,0.22,0.22
14.953548387096774,9.439354838709678,0.22,0.22
14.921612903225808,9.442258064516128,0.22,0.22
14.889354838709677,9.44516129032258,0.22,0.22
14.85741935483871,9.448064516129032,0.22,0.22
14.82548387096774,9.450645161290325,0.22,0.22
14.793225806451613,9.453548387096774,0.22,0.22
14.761290322580646,9.455806451612904,0.22,0.22
14.729032258064516,9.458387096774192,0.22,0.22
14.697096774193549,9.46032258064516,0.22,0.22
14.66483870967742,9.462580645161289,0.22,0.22
14.632903225806452,9.464516129032257,0.22,0.22
14.600645161290323,9.466451612903224,0.22,0.22
14.568709677419356,9.468064516129033,0.22,0.22
14.536451612903226,9.46967741935484,0.22,0.22
14.504516129032258,9.471290322580646,0.22,0.22
14.47225806451613,9.47258064516129,0.22,0.22
14.44,9.473870967741936,0.22,0.22
14.408064516129032,9.475161290322582,0.22,0.22
14.375806451612902,9.476129032258063,0.22,0.22
14.343548387096773,9.47709677419355,0.22,0.22
14.311290322580644,9.477741935483872,0.22,0.22
14.279354838709676,9.478387096774194,0.22,0.22
14.24709677419355,9.479032258064516,0.22,0.22
14.21483870967742,9.479354838709678,0.22,0.22
14.182580645161291,9.47967741935484,0.22,0.22
14.15032258064516,9.48,0.22,0.22
14.118064516129031,9.48,0.22,0.22
14.086129032258064,9.48,0.22,0.22
14.053870967741936,9.48,0.22,0.22
14.021612903225806,9.47967741935484,0.22,0.22
13.989354838709678,9.479354838709678,0.22,0.22
13.957096774193548,9.478709677419356,0.22,0.22
13.92483870967742,9.478387096774194,0.22,0.22
13.89258064516129,9.477741935483872,0.22,0.22
13.860645161290323,9.476774193548389,0.22,0.22
13.828387096774192,9.475806451612904,0.22,0.22
13.796129032258063,9.47483870967742,0.22,0.22
13.763870967741935,9.473870967741936,0.22,0.22
13.731612903225807,9.47258064516129,0.22,0.22
13.699677419354838,9.471290322580646,0.22,0.22
13.66741935483871,9.46967741935484,0.22,0.22
13.63516129032258,9.468387096774192,0.22,0.22
13.602903225806452,9.466451612903224,0.22,0.22
13.570967741935483,9.46483870967742,0.22,0.22
13.538709677419355,9.462903225806452,0.22,0.22
13.506774193548386,9.460967741935484,0.22,0.22
13.474516129032258,9.458709677419357,0.22,0.22
13.442258064516128,9.456451612903225,0.22,0.22
13.410322580645165,9.454193548387096,0.22,0.22
13.378064516129031,9.451612903225806,0.22,0.22
13.346129032258066,9.449032258064516,0.22,0.22
13.313870967741936,9.446129032258064,0.22,0.22
13.281935483870967,9.443225806451611,0.22,0.22
13.25,9.44032258064516,0.22,0.22
13.21774193548387,9.43741935483871,0.22,0.22
13.185806451612905,9.434193548387096,0.22,0.22
13.153870967741934,9.430645161290323,0.22,0.22
13.121612903225806,9.427096774193547,0.22,0.22
13.089677419354835,9.423548387096774,0.22,0.22
13.057741935483872,9.42,0.22,0.22
13.025806451612905,9.416129032258064,0.22,0.22
12.993870967741936,9.411935483870968,0.22,0.22
12.961935483870969,9.408064516129032,0.22,0.22
12.93,9.403870967741934,0.22,0.22
12.89806451612903,9.399354838709677,0.22,0.22
12.866129032258064,9.39483870967742,0.22,0.22
12.834193548387097,9.390322580645162,0.22,0.22
12.80225806451613,9.385806451612902,0.22,0.22
12.770645161290322,9.380967741935484,0.22,0.22
12.738709677419354,9.376129032258063,0.22,0.22
12.706774193548387,9.370967741935484,0.22,0.22
12.67516129032258,9.365806451612904,0.22,0.22
12.643225806451612,9.360645161290323,0.22,0.22
12.611612903225806,9.35516129032258,0.22,0.22
12.58,9.34967741935484,0.22,0.22
12.548064516129031,9.344193548387098,0.22,0.22
12.516451612903223,9.338709677419354,0.22,0.22
12.48483870967742,9.33290322580645,0.22,0.22
12.453225806451613,9.327096774193548,0.22,0.22
12.421290322580646,9.320967741935483,0.22,0.22
12.389677419354838,9.31483870967742,0.22,0.22
12.358064516129032,9.308709677419357,0.22,0.22
12.326451612903226,9.30258064516129,0.22,0.22
12.29483870967742,9.296129032258063,0.22,0.22
12.263225806451612,9.28967741935484,0.22,0.22
12.231612903225807,9.282903225806452,0.22,0.22
12.20032258064516,9.276451612903225,0.22,0.22
12.168709677419356,9.26967741935484,0.22,0.22
12.137096774193548,9.26290322580645,0.22,0.22
12.105483870967742,9.255806451612903,0.22,0.22
12.074193548387097,9.248709677419354,0.22,0.22
12.04258064516129,9.241612903225809,0.22,0.22
12.011290322580646,9.234193548387095,0.22,0.22
11.97967741935484,9.22709677419355,0.22,0.22
11.948387096774193,9.21935483870968,0.22,0.22
11.91709677419355,9.211935483870969,0.22,0.22
11.88548387096774,9.204193548387096,0.22,0.22
11.854193548387098,9.196451612903225,0.22,0.22
11.822903225806453,9.188709677419356,0.22,0.22
11.791612903225808,9.180645161290323,0.22,0.22
11.760645161290322,9.172580645161291,0.22,0.22
11.729354838709678,9.164193548387097,0.22,0.22
11.698064516129032,9.156129032258065,0.22,0.22
11.66709677419355,9.147419354838709,0.22,0.22
11.636129032258063,9.139032258064516,0.22,0.22
11.60516129032258,9.13,0.22,0.22
11.574193548387097,9.121290322580643,0.22,0.22
11.543548387096775,9.11225806451613,0.22,0.22
11.51258064516129,9.102903225806452,0.22,0.22
11.481935483870968,9.093548387096773,0.22,0.22
11.451290322580643,9.083870967741936,0.22,0.22
11.420967741935485,9.074193548387097,0.22,0.22
11.390645161290324,9.064193548387095,0.22,0.22
11.360322580645162,9.053870967741936,0.22,0.22
11.33032258064516,9.043225806451613,0.22,0.22
11.300322580645162,9.032580645161293,0.22,0.22
11.27032258064516,9.021612903225806,0.22,0.22
11.240645161290322,9.01032258064516,0.22,0.22
11.211290322580645,8.998709677419354,0.22,0.22
11.181935483870967,8.986451612903226,0.22,0.22
11.152903225806453,8.974193548387097,0.22,0.22
11.124193548387098,8.961612903225806,0.22,0.22
11.095483870967742,8.948387096774193,0.22,0.22
11.067419354838709,8.93483870967742,0.22,0.22
11.03935483870968,8.920967741935485,0.22,0.22
11.011612903225808,8.906451612903227,0.22,0.22
10.984193548387095,8.891612903225806,0.22,0.22
10.95741935483871,8.876129032258065,0.22,0.22
10.930645161290323,8.860322580645162,0.22,0.22
10.904516129032258,8.843870967741937,0.22,0.22
10.878709677419357,8.827096774193548,0.22,0.22
10.853548387096774,8.80967741935484,0.22,0.22
10.828709677419354,8.791612903225808,0.22,0.22
10.804193548387095,8.773225806451613,0.22,0.22
10.78064516129032,8.754193548387097,0.22,0.22
10.757096774193547,8.734516129032258,0.22,0.22
10.734516129032258,8.714193548387096,0.22,0.22
10.712258064516128,8.693548387096774,0.22,0.22
10.690645161290323,8.672258064516129,0.22,0.22
10.66967741935484,8.650322580645161,0.22,0.22
10.649032258064516,8.628064516129033,0.22,0.22
10.629354838709675,8.605161290322581,0.22,0.22
10.61,8.581612903225805,0.22,0.22
10.591290322580644,8.557419354838709,0.22,0.22
10.573548387096771,8.532903225806452,0.22,0.22
10.556129032258063,8.508064516129032,0.22,0.22
10.53935483870968,8.48258064516129,0.22,0.22
10.523225806451611,8.456774193548387,0.22,0.22
10.507741935483873,8.43032258064516,0.22,0.22
10.492903225806453,8.403548387096773,0.22,0.22
10.478709677419356,8.376451612903226,0.22,0.22
10.46516129032258,8.348709677419356,0.22,0.22
10.451935483870969,8.320645161290322,0.22,0.22
10.439354838709678,8.29258064516129,0.22,0.22
10.42741935483871,8.263870967741935,0.22,0.22
10.415806451612903,8.23516129032258,0.22,0.22
10.40483870967742,8.205806451612903,0.22,0.22
10.394516129032258,8.176451612903225,0.22,0.22
10.384193548387096,8.146774193548387,0.22,0.22
10.37483870967742,8.116774193548387,0.22,0.22
10.365483870967742,8.086774193548386,0.22,0.22
10.356774193548388,8.056451612903226,0.22,0.22
10.348064516129034,8.026129032258064,0.22,0.22
10.34,7.9954838709677425,0.22,0.22
10.332258064516129,7.964838709677419,0.22,0.22
10.324516129032258,7.933870967741935,0.22,0.22
10.317419354838709,7.902903225806452,0.22,0.22
10.31032258064516,7.871935483870968,0.22,0.22
10.303548387096775,7.840645161290323,0.22,0.22
10.297096774193548,7.809354838709678,0.22,0.22
10.290645161290325,7.778064516129032,0.22,0.22
10.28451612903226,7.746774193548387,0.22,0.22
10.278387096774193,7.715483870967742,0.22,0.22
10.272258064516128,7.683870967741935,0.22,0.22
10.266451612903223,7.652258064516129,0.22,0.22
10.260967741935485,7.620645161290323,0.22,0.22
10.25516129032258,7.589354838709678,0.22,0.22
10.24967741935484,7.55741935483871,0.22,0.22
10.244516129032258,7.525806451612904,0.22,0.22
10.239032258064515,7.494193548387097,0.22,0.22
10.233870967741936,7.462580645161291,0.22,0.22
10.228387096774194,7.430645161290323,0.22,0.22
10.223225806451614,7.399032258064516,0.22,0.22
10.218064516129033,7.3670967741935485,0.22,0.22
10.212903225806452,7.335483870967742,0.22,0.22
10.208064516129031,7.303548387096774,0.22,0.22
10.202903225806452,7.271935483870968,0.22,0.22
10.19774193548387,7.24,0.22,0.22
10.192903225806452,7.208064516129032,0.22,0.22
10.18774193548387,7.176129032258065,0.22,0.22
10.182903225806452,7.144516129032258,0.22,0.22
10.177741935483873,7.112580645161291,0.22,0.22
10.172903225806452,7.080645161290323,0.22,0.22
10.168064516129032,7.048709677419355,0.22,0.22
10.162903225806453,7.016774193548388,0.22,0.22
10.158064516129032,6.98483870967742,0.22,0.22
10.153225806451612,6.952903225806451,0.22,0.22
10.14806451612903,6.920967741935484,0.22,0.22
10.143225806451612,6.889032258064516,0.22,0.22
10.138387096774194,6.857096774193548,0.22,0.22
10.133548387096774,6.825161290322581,0.22,0.22
10.128387096774194,6.793548387096774,0.22,0.22
10.123548387096774,6.761612903225807,0.22,0.22
10.118709677419355,6.729677419354839,0.22,0.22
10.113870967741937,6.697741935483871,0.22,0.22
10.108709677419355,6.665806451612903,0.22,0.22
10.103870967741935,6.633870967741935,0.22,0.22
10.099032258064517,6.601935483870967,0.22,0.22
10.094193548387098,6.569999999999999,0.22,0.22
10.089032258064517,6.538064516129032,0.22,0.22
10.084193548387097,6.506451612903225,0.22,0.22
10.079354838709676,6.474516129032258,0.22,0.22
10.074516129032258,6.44258064516129,0.22,0.22
10.069354838709677,6.410645161290322,0.22,0.22
10.064516129032258,6.379032258064516,0.22,0.22
10.05967741935484,6.347096774193548,0.22,0.22
10.05483870967742,6.315161290322581,0.22,0.22
10.04967741935484,6.283548387096774,0.22,0.22
10.04483870967742,6.251612903225807,0.22,0.22
10.03967741935484,6.219677419354839,0.22,0.22
10.03483870967742,6.188064516129033,0.22,0.22
10.029677419354838,6.156129032258065,0.22,0.22
10.024838709677418,6.124193548387097,0.22,0.22
10.01967741935484,6.0925806451612905,0.22,0.22
10.014516129032256,6.0606451612903225,0.22,0.22
10.009354838709678,6.0287096774193545,0.22,0.22
10.004193548387097,5.997096774193548,0.22,0.22
9.999032258064515,5.96516129032258,0.22,0.22
9.993870967741936,5.933548387096774,0.22,0.22
9.988387096774192,5.901612903225806,0.22,0.22
9.983225806451614,5.87,0.22,0.22
9.977741935483872,5.838064516129032,0.22,0.22
9.971935483870968,5.806451612903226,0.22,0.22
9.966451612903224,5.77483870967742,0.22,0.22
9.96064516129032,5.743225806451613,0.22,0.22
9.95483870967742,5.711612903225807,0.22,0.22
9.948709677419355,5.680000000000001,0.22,0.22
9.942580645161293,5.648387096774194,0.22,0.22
9.936129032258064,5.616774193548388,0.22,0.22
9.92967741935484,5.585483870967742,0.22,0.22
9.923225806451612,5.553870967741935,0.22,0.22
9.916129032258064,5.52258064516129,0.22,0.22
9.909032258064515,5.491290322580645,0.22,0.22
9.901612903225804,5.460322580645162,0.22,0.22
9.894193548387095,5.429032258064517,0.22,0.22
9.886129032258063,5.398064516129033,0.22,0.22
9.878064516129031,5.3674193548387095,0.22,0.22
9.869677419354838,5.336451612903226,0.22,0.22
9.860967741935484,5.305806451612903,0.22,0.22
9.851612903225806,5.275483870967742,0.22,0.22
9.842258064516129,5.24483870967742,0.22,0.22
9.83258064516129,5.214516129032258,0.22,0.22
9.822258064516127,5.184516129032258,0.22,0.22
9.811612903225807,5.154516129032258,0.22,0.22
9.800645161290324,5.12483870967742,0.22,0.22
9.789032258064516,5.09516129032258,0.22,0.22
9.77741935483871,5.065806451612903,0.22,0.22
9.764838709677418,5.0364516129032255,0.22,0.22
9.752258064516129,5.007419354838709,0.22,0.22
9.739032258064515,4.978709677419355,0.22,0.22
9.725483870967745,4.949999999999999,0.22,0.22
9.711612903225806,4.921612903225806,0.22,0.22
9.697096774193549,4.893225806451613,0.22,0.22
9.682258064516128,4.865161290322581,0.22,0.22
9.66709677419355,4.83741935483871,0.22,0.22
9.651290322580644,4.8100000000000005,0.22,0.22
9.63516129032258,4.78258064516129,0.22,0.22
9.618709677419355,4.75516129032258,0.22,0.22
9.60193548387097,4.728387096774194,0.22,0.22
9.58483870967742,4.701290322580645,0.22,0.22
9.567419354838709,4.674838709677419,0.22,0.22
9.549354838709675,4.648387096774194,0.22,0.22
9.531290322580649,4.622258064516129,0.22,0.22
9.51290322580645,4.596129032258064,0.22,0.22
9.493870967741936,4.570322580645161,0.22,0.22
9.47483870967742,4.5445161290322575,0.22,0.22
9.455483870967742,4.519032258064517,0.22,0.22
9.436129032258064,4.493548387096775,0.22,0.22
9.416129032258064,4.468064516129032,0.22,0.22
9.396129032258065,4.442903225806451,0.22,0.22
9.376129032258063,4.418064516129032,0.22,0.22
9.355483870967742,4.393225806451613,0.22,0.22
9.33483870967742,4.368387096774193,0.22,0.22
9.314193548387095,4.343548387096774,0.22,0.22
9.293225806451613,4.319032258064516,0.22,0.22
9.272258064516128,4.2948387096774185,0.22,0.22
9.250967741935485,4.2703225806451615,0.22,0.22
9.22967741935484,4.2461290322580645,0.22,0.22
9.208387096774192,4.221935483870968,0.22,0.22
9.186774193548388,4.197741935483871,0.22,0.22
9.16516129032258,4.1735483870967744,0.22,0.22
9.143548387096772,4.149677419354839,0.22,0.22
9.121935483870969,4.125806451612903,0.22,0.22
9.1,4.101935483870967,0.22,0.22
9.078064516129032,4.078064516129032,0.22,0.22
9.056129032258063,4.054193548387097,0.22,0.22
9.034193548387098,4.030645161290322,0.22,0.22
9.012258064516129,4.006774193548387,0.22,0.22
8.990322580645161,3.983225806451613,0.22,0.22
8.968387096774192,3.9596774193548394,0.22,0.22
8.946129032258064,3.935806451612904,0.22,0.22
8.924193548387096,3.912258064516129,0.22,0.22
8.902258064516129,3.888709677419355,0.22,0.22
8.879999999999999,3.86516129032258,0.22,0.22
8.858064516129033,3.841612903225807,0.22,0.22
8.835806451612903,3.818064516129032,0.22,0.22
8.813870967741936,3.794193548387097,0.22,0.22
8.791935483870969,3.7706451612903225,0.22,0.22
8.769677419354839,3.747096774193549,0.22,0.22
8.747741935483871,3.7235483870967743,0.22,0.22
8.725806451612904,3.7,0.22,0.22
8.703870967741935,3.676129032258064,0.22,0.22
8.681935483870967,3.6525806451612906,0.22,0.22
8.65967741935484,3.6287096774193546,0.22,0.22
8.63774193548387,3.605161290322581,0.22,0.22
8.616129032258065,3.5816129032258064,0.22,0.22
8.594193548387098,3.5577419354838717,0.22,0.22
8.572258064516129,3.5338709677419358,0.22,0.22
8.550322580645162,3.510322580645161,0.22,0.22
8.528387096774193,3.4864516129032257,0.22,0.22
8.506774193548386,3.462903225806452,0.22,0.22
8.484838709677419,3.439032258064516,0.22,0.22
8.463225806451613,3.415161290322581,0.22,0.22
8.441290322580645,3.391290322580645,0.22,0.22
8.419677419354839,3.367741935483872,0.22,0.22
8.39806451612903,3.343870967741936,0.22,0.22
8.376129032258065,3.32,0.22,0.22
8.354516129032259,3.2964516129032257,0.22,0.22
8.33290322580645,3.27258064516129,0.22,0.22
8.311290322580644,3.2487096774193547,0.22,0.22
8.28967741935484,3.225,0.22,0.22
8.268064516129032,3.201225806451613,0.22,0.22
8.246451612903225,3.177451612903226,0.22,0.22
8.22483870967742,3.1536774193548385,0.22,0.22
8.203225806451613,3.129903225806452,0.22,0.22
8.181612903225806,3.106129032258065,0.22,0.22
8.16,3.0823548387096773,0.22,0.22
8.138387096774194,3.0585806451612902,0.22,0.22
8.116774193548387,3.034806451612903,0.22,0.22
8.095161290322581,3.011,0.22,0.22
8.073548387096775,2.987225806451613,0.22,0.22
8.051935483870968,2.9634193548387096,0.22,0.22
8.03032258064516,2.9396129032258065,0.22,0.22
8.008709677419356,2.9158064516129034,0.22,0.22
7.987096774193549,2.892,0.22,0.22
7.965483870967742,2.8681612903225804,0.22,0.22
7.943870967741935,2.8443548387096773,0.22,0.22
7.92225806451613,2.8205161290322582,0.22,0.22
7.900322580645161,2.7967096774193547,0.22,0.22
7.878709677419355,2.772870967741936,0.22,0.22
7.857096774193548,2.749032258064516,0.22,0.22
7.835483870967742,2.7251935483870966,0.22,0.22
7.813870967741935,2.701387096774193,0.22,0.22
7.792258064516129,2.6775483870967745,0.22,0.22
7.770645161290322,2.653741935483871,0.22,0.22
7.749032258064516,2.629935483870968,0.22,0.22
7.72741935483871,2.6060967741935483,0.22,0.22
7.7054838709677425,2.5822903225806453,0.22,0.22
7.683870967741935,2.558516129032258,0.22,0.22
7.662258064516129,2.5347096774193547,0.22,0.22
7.6406451612903235,2.510935483870968,0.22,0.22
7.618709677419355,2.4871612903225806,0.22,0.22
7.597096774193548,2.463387096774193,0.22,0.22
7.575483870967742,2.4396129032258065,0.22,0.22
7.553548387096774,2.4158709677419354,0.22,0.22
7.531935483870968,2.3920967741935484,0.22,0.22
7.51,2.3683548387096773,0.22,0.22
7.4883870967741935,2.3446451612903223,0.22,0.22
7.466451612903226,2.3209032258064517,0.22,0.22
7.444516129032258,2.2971935483870967,0.22,0.22
7.422580645161291,2.2734838709677416,0.22,0.22
7.400645161290322,2.249774193548387,0.22,0.22
7.379032258064516,2.226064516129032,0.22,0.22
7.357096774193548,2.2023548387096774,0.22,0.22
7.3348387096774195,2.178677419354839,0.22,0.22
7.312903225806451,2.155,0.22,0.22
7.290967741935484,2.131322580645161,0.22,0.22
7.269032258064517,2.107645161290322,0.22,0.22
7.247096774193548,2.084,0.22,0.22
7.224838709677419,2.060322580645161,0.22,0.22
7.202903225806451,2.036709677419355,0.22,0.22
7.180645161290323,2.0130645161290324,0.22,0.22
7.158709677419354,1.9894516129032256,0.22,0.22
7.136451612903225,1.9658387096774197,0.22,0.22
7.114516129032259,1.942225806451613,0.22,0.22
7.0922580645161295,1.9186451612903224,0.22,0.22
7.070322580645161,1.8950645161290325,0.22,0.22
7.048064516129033,1.871483870967742,0.22,0.22
7.026129032258065,1.847935483870968,0.22,0.22
7.003870967741936,1.8243870967741933,0.22,0.22
6.981935483870967,1.8008387096774194,0.22,0.22
6.959677419354839,1.7773225806451614,0.22,0.22
6.93741935483871,1.7538064516129033,0.22,0.22
6.9154838709677415,1.7302903225806452,0.22,0.22
6.893225806451613,1.7067741935483869,0.22,0.22
6.871290322580645,1.6832903225806453,0.22,0.22
6.849032258064516,1.6598064516129032,0.22,0.22
6.8267741935483865,1.6363225806451611,0.22,0.22
6.804838709677419,1.6128064516129033,0.22,0.22
6.78258064516129,1.5893548387096774,0.22,0.22
6.760645161290323,1.5658709677419356,0.22,0.22
6.7383870967741935,1.5423870967741935,0.22,0.22
6.716129032258064,1.5189032258064517,0.22,0.22
6.693870967741935,1.4954516129032258,0.22,0.22
6.671935483870969,1.471967741935484,0.22,0.22
6.649677419354839,1.448483870967742,0.22,0.22
6.627419354838709,1.4250322580645165,0.22,0.22
6.60516129032258,1.4015483870967742,0.22,0.22
6.582903225806452,1.3780967741935484,0.22,0.22
6.5606451612903225,1.3546451612903223,0.22,0.22
6.538387096774193,1.331161290322581,0.22,0.22
6.516129032258065,1.3077096774193548,0.22,0.22
6.493870967741936,1.284258064516129,0.22,0.22
6.471612903225807,1.2608387096774194,0.22,0.22
6.449354838709677,1.2373870967741936,0.22,0.22
6.427096774193549,1.213967741935484,0.22,0.22
6.40483870967742,1.190548387096774,0.22,0.22
6.3825806451612905,1.1671290322580643,0.22,0.22
6.360322580645161,1.1437096774193547,0.22,0.22
6.337741935483871,1.120322580645161,0.22,0.22
6.315483870967742,1.0969354838709675,0.22,0.22
6.293225806451613,1.0735806451612904,0.22,0.22
6.270967741935484,1.050225806451613,0.22,0.22
6.248709677419355,1.0268709677419354,0.22,0.22
6.226451612903226,1.003548387096774,0.22,0.22
6.204193548387098,0.980225806451613,0.22,0.22
6.181612903225807,0.9569354838709676,0.22,0.22
6.159354838709677,0.9336129032258064,0.22,0.22
6.137096774193548,0.9103225806451613,0.22,0.22
6.11483870967742,0.8870645161290323,0.22,0.22
6.0925806451612905,0.8637741935483871,0.22,0.22
6.070322580645161,0.8405161290322581,0.22,0.22
6.048064516129033,0.817258064516129,0.22,0.22
6.025483870967742,0.794,0.22,0.22
6.003225806451613,0.770774193548387,0.22,0.22
5.980967741935483,0.7475161290322581,0.22,0.22
5.958709677419355,0.7242580645161291,0.22,0.22
5.936451612903226,0.7010000000000001,0.22,0.22
5.914193548387097,0.6777741935483871,0.22,0.22
5.891935483870968,0.6545161290322581,0.22,0.22
5.869354838709677,0.631258064516129,0.22,0.22
5.847096774193548,0.608,0.22,0.22
5.824838709677419,0.5847419354838709,0.22,0.22
5.8025806451612905,0.5614516129032259,0.22,0.22
5.780322580645161,0.5381935483870968,0.22,0.22
5.757741935483871,0.5149032258064516,0.22,0.22
5.735483870967743,0.4916129032258065,0.22,0.22
5.7132258064516135,0.4683225806451613,0.22,0.22
5.690967741935483,0.4450322580645161,0.22,0.22
5.668709677419354,0.4217419354838709,0.22,0.22
5.646451612903226,0.3984516129032258,0.22,0.22
5.623870967741936,0.3751612903225806,0.22,0.22
5.601612903225806,0.3518709677419355,0.22,0.22
5.579354838709678,0.3285483870967742,0.22,0.22
5.557096774193549,0.3052741935483871,0.22,0.22
5.53483870967742,0.2819935483870968,0.22,0.22
5.5125806451612895,0.2587193548387097,0.22,0.22
5.490322580645161,0.2354612903225806,0.22,0.22
5.467741935483871,0.2122161290322581,0.22,0.22
5.445483870967742,0.1889935483870967,0.22,0.22
5.4232258064516135,0.1657935483870967,0.22,0.22
5.400967741935484,0.1426225806451612,0.22,0.22
5.378387096774193,0.1194838709677419,0.22,0.22
5.356129032258064,0.0963903225806451,0.22,0.22
5.333548387096775,0.0733419354838709,0.22,0.22
5.311290322580645,0.0503483870967741,0.22,0.22
5.288709677419354,0.0274229032258064,0.22,0.22
5.266129032258065,0.0045719354838709,0.22,0.22
5.243548387096775,-0.0181912903225806,0.22,0.22
5.220967741935484,-0.0408516129032258,0.22,0.22
5.198064516129032,-0.0633967741935483,0.22,0.22
5.175161290322581,-0.0858032258064516,0.22,0.22
5.152258064516129,-0.1080548387096774,0.22,0.22
5.129354838709677,-0.1301290322580645,0.22,0.22
5.106129032258064,-0.1519935483870967,0.22,0.22
5.082903225806452,-0.1736258064516128,0.22,0.22
5.059677419354839,-0.1949870967741935,0.22,0.22
5.0361290322580645,-0.2160451612903225,0.22,0.22
5.0125806451612895,-0.236758064516129,0.22,0.22
4.988709677419355,-0.2570870967741935,0.22,0.22
4.964838709677419,-0.2769774193548387,0.22,0.22
4.940645161290322,-0.2963838709677419,0.22,0.22
4.916451612903225,-0.3152548387096774,0.22,0.22
4.891935483870968,-0.3335161290322581,0.22,0.22
4.8674193548387095,-0.3511290322580645,0.22,0.22
4.8425806451612905,-0.3680322580645161,0.22,0.22
4.81741935483871,-0.3841612903225807,0.22,0.22
4.79258064516129,-0.3994193548387096,0.22,0.22
4.76741935483871,-0.413741935483871,0.22,0.22
4.741935483870968,-0.4270967741935484,0.22,0.22
4.716451612903226,-0.4393870967741936,0.22,0.22
4.691290322580645,-0.4505483870967742,0.22,0.22
4.665806451612903,-0.4605161290322581,0.22,0.22
4.640322580645161,-0.469258064516129,0.22,0.22
4.615161290322581,-0.4766451612903226,0.22,0.22
4.59,-0.4826774193548387,0.22,0.22
4.565161290322581,-0.4873225806451612,0.22,0.22
4.540645161290322,-0.4904516129032258,0.22,0.22
4.516451612903226,-0.4920967741935484,0.22,0.22
4.492580645161291,-0.4922258064516129,0.22,0.22
4.469354838709678,-0.4907741935483871,0.22,0.22
4.446451612903226,-0.4877741935483871,0.22,0.22
4.424516129032258,-0.4831935483870967,0.22,0.22
4.403225806451613,-0.477,0.22,0.22
4.3825806451612905,-0.4692903225806452,0.22,0.22
4.363225806451613,-0.4600322580645161,0.22,0.22
4.344516129032258,-0.449258064516129,0.22,0.22
4.327096774193548,-0.4370322580645161,0.22,0.22
4.3106451612903225,-0.4233548387096774,0.22,0.22
4.295483870967741,-0.4083548387096774,0.22,0.22
4.281612903225806,-0.3919999999999999,0.22,0.22
4.269032258064517,-0.3744516129032258,0.22,0.22
4.258064516129032,-0.355741935483871,0.22,0.22
4.248064516129032,-0.3359354838709677,0.22,0.22
4.239677419354839,-0.3151225806451613,0.22,0.22
4.232903225806451,-0.2933935483870968,0.22,0.22
4.227096774193548,-0.2708258064516129,0.22,0.22
4.223225806451612,-0.2475,0.22,0.22
4.220645161290323,-0.2235032258064516,0.22,0.22
4.219354838709678,-0.1989064516129032,0.22,0.22
4.219677419354839,-0.1737903225806451,0.22,0.22
4.2212903225806455,-0.1482290322580645,0.22,0.22
4.224193548387096,-0.1222870967741935,0.22,0.22
4.228387096774194,-0.0960258064516129,0.22,0.22
4.233870967741935,-0.0695096774193548,0.22,0.22
4.240645161290323,-0.0427903225806451,0.22,0.22
4.248387096774193,-0.0159090322580645,0.22,0.22
4.257096774193548,0.011088064516129,0.22,0.22
4.266774193548388,0.0381677419354838,0.22,0.22
4.277741935483872,0.0652935483870967,0.22,0.22
4.289354838709677,0.0924483870967741,0.22,0.22
4.301612903225807,0.1196032258064516,0.22,0.22
4.314838709677419,0.1467483870967741,0.22,0.22
4.328709677419355,0.1738645161290322,0.22,0.22
4.3432258064516125,0.2009451612903225,0.22,0.22
4.358064516129032,0.2279838709677419,0.22,0.22
4.373548387096775,0.2549741935483871,0.22,0.22
4.389677419354839,0.281916129032258,0.22,0.22
4.405806451612904,0.3088129032258064,0.22,0.22
4.422580645161291,0.3356451612903225,0.22,0.22
4.439677419354839,0.3624516129032258,0.22,0.22
4.456774193548387,0.3892258064516129,0.22,0.22
4.474516129032258,0.4159354838709677,0.22,0.22
4.492258064516129,0.4426129032258064,0.22,0.22
4.51,0.469258064516129,0.22,0.22
4.5280645161290325,0.4958709677419354,0.22,0.22
4.546129032258064,0.5224516129032258,0.22,0.22
4.564516129032258,0.5489999999999999,0.22,0.22
4.582903225806452,0.5755483870967741,0.22,0.22
4.6012903225806445,0.6020645161290323,0.22,0.22
4.619677419354839,0.6285483870967742,0.22,0.22
4.638064516129032,0.6550322580645161,0.22,0.22
4.656774193548388,0.681483870967742,0.22,0.22
4.675483870967742,0.7079354838709678,0.22,0.22
4.693870967741935,0.7343548387096774,0.22,0.22
4.712580645161291,0.760774193548387,0.22,0.22
4.731290322580644,0.7871612903225806,0.22,0.22
4.75,0.8135161290322581,0.22,0.22
4.769032258064517,0.8398709677419355,0.22,0.22
4.78774193548387,0.8661935483870968,0.22,0.22
4.806451612903226,0.8925161290322581,0.22,0.22
4.825161290322581,0.9188064516129032,0.22,0.22
4.844193548387096,0.9450645161290324,0.22,0.22
4.862903225806452,0.9713225806451612,0.22,0.22
4.881935483870968,0.9975483870967742,0.22,0.22
4.900645161290322,1.023741935483871,0.22,0.22
4.919677419354838,1.0499032258064516,0.22,0.22
4.938387096774194,1.076064516129032,0.22,0.22
4.95741935483871,1.1021935483870968,0.22,0.22
4.976451612903226,1.128322580645161,0.22,0.22
4.995483870967743,1.1544193548387096,0.22,0.22
5.014516129032257,1.180483870967742,0.22,0.22
5.033548387096774,1.206548387096774,0.22,0.22
5.0525806451612905,1.2325806451612904,0.22,0.22
5.071612903225806,1.2586129032258069,0.22,0.22
5.090645161290323,1.2846129032258065,0.22,0.22
5.109677419354839,1.3106451612903227,0.22,0.22
5.128709677419355,1.3366451612903223,0.22,0.22
5.147741935483872,1.3626451612903223,0.22,0.22
5.166774193548386,1.3886451612903226,0.22,0.22
5.186129032258065,1.4146451612903226,0.22,0.22
5.2051612903225815,1.4406774193548388,0.22,0.22
5.224193548387096,1.4666774193548386,0.22,0.22
5.243225806451613,1.492709677419355,0.22,0.22
5.2622580645161285,1.5187419354838712,0.22,0.22
5.281290322580645,1.544774193548387,0.22,0.22
5.300322580645162,1.5708387096774192,0.22,0.22
5.319354838709677,1.5969032258064515,0.22,0.22
5.338387096774194,1.623,0.22,0.22
5.35741935483871,1.6490967741935485,0.22,0.22
5.376451612903225,1.6751935483870968,0.22,0.22
5.395483870967742,1.7013225806451613,0.22,0.22
5.414516129032258,1.7274516129032258,0.22,0.22
5.433225806451613,1.7536129032258063,0.22,0.22
5.452258064516129,1.779774193548387,0.22,0.22
5.4712903225806455,1.805935483870968,0.22,0.22
5.49,1.8320967741935483,0.22,0.22
5.509032258064516,1.858290322580645,0.22,0.22
5.527741935483872,1.8844516129032256,0.22,0.22
5.546451612903225,1.9106451612903224,0.22,0.22
5.565483870967742,1.9368387096774196,0.22,0.22
5.5841935483870975,1.963032258064516,0.22,0.22
5.602903225806451,1.9892258064516128,0.22,0.22
5.621935483870968,2.0154193548387096,0.22,0.22
5.640645161290324,2.0416451612903224,0.22,0.22
5.659354838709677,2.067838709677419,0.22,0.22
5.678064516129033,2.0940322580645163,0.22,0.22
5.696774193548387,2.120225806451613,0.22,0.22
5.715483870967742,2.146451612903226,0.22,0.22
5.734516129032259,2.1726451612903226,0.22,0.22
5.753225806451613,2.19883870967742,0.22,0.22
5.771935483870968,2.225032258064516,0.22,0.22
5.790645161290322,2.251258064516129,0.22,0.22
5.809354838709678,2.2774516129032256,0.22,0.22
5.828064516129031,2.303677419354839,0.22,0.22
5.846774193548387,2.329870967741936,0.22,0.22
5.865806451612904,2.3560967741935483,0.22,0.22
5.884516129032257,2.382290322580645,0.22,0.22
5.903225806451613,2.4085161290322583,0.22,0.22
5.921935483870969,2.434741935483871,0.22,0.22
5.940967741935483,2.4609677419354843,0.22,0.22
5.959677419354839,2.487225806451613,0.22,0.22
5.978387096774194,2.513451612903226,0.22,0.22
5.997096774193548,2.5397096774193546,0.22,0.22
6.016129032258065,2.565935483870968,0.22,0.22
6.03483870967742,2.592193548387097,0.22,0.22
6.053548387096774,2.618451612903226,0.22,0.22
6.07258064516129,2.6446451612903226,0.22,0.22
6.091290322580646,2.6708709677419358,0.22,0.22
6.11,2.6970967741935485,0.22,0.22
6.128709677419355,2.7233870967741933,0.22,0.22
6.147741935483872,2.749709677419355,0.22,0.22
6.166774193548386,2.7760322580645163,0.22,0.22
6.185483870967742,2.802387096774193,0.22,0.22
6.204516129032259,2.8287096774193548,0.22,0.22
6.223548387096774,2.855032258064516,0.22,0.22
6.242258064516129,2.881322580645161,0.22,0.22
6.261290322580645,2.9076451612903225,0.22,0.22
6.280322580645161,2.933935483870968,0.22,0.22
6.299032258064517,2.960225806451613,0.22,0.22
6.317741935483871,2.9865161290322577,0.22,0.22
6.336774193548387,3.0128064516129034,0.22,0.22
6.355483870967742,3.039064516129032,0.22,0.22
6.374193548387097,3.0653548387096774,0.22,0.22
6.392903225806452,3.0916129032258066,0.22,0.22
6.411290322580645,3.117903225806452,0.22,0.22
6.430000000000001,3.1441935483870966,0.22,0.22
6.448387096774193,3.170483870967742,0.22,0.22
6.466774193548387,3.196806451612903,0.22,0.22
6.485161290322581,3.223193548387097,0.22,0.22
6.503548387096775,3.2496774193548386,0.22,0.22
6.521612903225806,3.2761290322580647,0.22,0.22
6.54,3.30258064516129,0.22,0.22
6.558064516129033,3.329032258064516,0.22,0.22
6.575806451612903,3.355483870967742,0.22,0.22
6.593870967741935,3.3822580645161286,0.22,0.22
6.611935483870968,3.4090322580645163,0.22,0.22
6.629677419354839,3.4358064516129034,0.22,0.22
6.64741935483871,3.4625806451612906,0.22,0.22
6.6651612903225805,3.4893548387096773,0.22,0.22
6.682903225806451,3.516451612903226,0.22,0.22
6.700645161290322,3.543548387096774,0.22,0.22
6.718064516129032,3.5703225806451617,0.22,0.22
6.735806451612904,3.597741935483871,0.22,0.22
6.753225806451613,3.62483870967742,0.22,0.22
6.7706451612903225,3.651935483870968,0.22,0.22
6.788064516129032,3.679354838709677,0.22,0.22
6.805483870967742,3.706451612903226,0.22,0.22
6.822903225806451,3.733870967741936,0.22,0.22
6.84,3.761290322580645,0.22,0.22
6.85741935483871,3.7887096774193543,0.22,0.22
6.8745161290322585,3.816129032258064,0.22,0.22
6.891612903225806,3.843870967741936,0.22,0.22
6.908709677419354,3.871290322580645,0.22,0.22
6.925483870967742,3.899032258064517,0.22,0.22
6.942258064516129,3.9264516129032256,0.22,0.22
6.959032258064516,3.9541935483870967,0.22,0.22
6.975483870967742,3.981935483870968,0.22,0.22
6.991935483870968,4.01,0.22,0.22
7.008387096774193,4.037741935483871,0.22,0.22
7.02483870967742,4.065483870967742,0.22,0.22
7.040967741935484,4.093548387096774,0.22,0.22
7.057096774193549,4.121612903225806,0.22,0.22
7.072903225806451,4.149677419354839,0.22,0.22
7.088709677419355,4.177741935483871,0.22,0.22
7.104516129032258,4.205806451612904,0.22,0.22
7.120322580645161,4.234193548387096,0.22,0.22
7.135806451612903,4.2622580645161285,0.22,0.22
7.151290322580645,4.290645161290322,0.22,0.22
7.166774193548386,4.3187096774193545,0.22,0.22
7.182258064516129,4.347096774193548,0.22,0.22
7.197741935483871,4.3751612903225805,0.22,0.22
7.212903225806452,4.403548387096774,0.22,0.22
7.228387096774194,4.431612903225807,0.22,0.22
7.243548387096775,4.46,0.22,0.22
7.258709677419355,4.4880645161290325,0.22,0.22
7.274193548387097,4.516129032258065,0.22,0.22
7.289354838709677,4.5441935483870965,0.22,0.22
7.304516129032258,4.572258064516129,0.22,0.22
7.319677419354838,4.6003225806451615,0.22,0.22
7.33516129032258,4.628387096774193,0.22,0.22
7.3503225806451615,4.656451612903226,0.22,0.22
7.365483870967743,4.684838709677419,0.22,0.22
7.380967741935484,4.712903225806452,0.22,0.22
7.396451612903226,4.740967741935484,0.22,0.22
7.411612903225806,4.769032258064517,0.22,0.22
7.427096774193549,4.797096774193549,0.22,0.22
7.44258064516129,4.825161290322581,0.22,0.22
7.458064516129032,4.853548387096774,0.22,0.22
7.473548387096774,4.881612903225807,0.22,0.22
7.489032258064516,4.91,0.22,0.22
7.5045161290322575,4.938064516129033,0.22,0.22
7.52,4.966451612903226,0.22,0.22
7.535483870967742,4.99483870967742,0.22,0.22
7.550967741935485,5.022903225806452,0.22,0.22
7.566451612903226,5.051290322580646,0.22,0.22
7.581935483870968,5.079677419354839,0.22,0.22
7.59741935483871,5.108064516129032,0.22,0.22
7.612903225806452,5.136451612903225,0.22,0.22
7.628387096774193,5.164516129032258,0.22,0.22
7.643870967741936,5.192903225806451,0.22,0.22
7.659354838709677,5.2212903225806455,0.22,0.22
7.674838709677419,5.249677419354839,0.22,0.22
7.690322580645161,5.2780645161290325,0.22,0.22
7.705806451612903,5.306451612903226,0.22,0.22
7.721290322580645,5.33483870967742,0.22,0.22
7.736774193548388,5.363548387096775,0.22,0.22
7.751935483870968,5.391935483870968,0.22,0.22
7.76741935483871,5.420322580645161,0.22,0.22
7.782903225806452,5.448709677419354,0.22,0.22
7.798387096774194,5.477096774193548,0.22,0.22
7.813870967741935,5.505806451612903,0.22,0.22
7.829354838709678,5.534193548387097,0.22,0.22
7.844516129032258,5.56258064516129,0.22,0.22
7.86,5.590967741935484,0.22,0.22
7.875483870967741,5.619677419354839,0.22,0.22
7.8906451612903235,5.648064516129033,0.22,0.22
7.906129032258065,5.676451612903226,0.22,0.22
7.921290322580645,5.70483870967742,0.22,0.22
7.936451612903226,5.733225806451612,0.22,0.22
7.951935483870967,5.761935483870968,0.22,0.22
7.967096774193548,5.790322580645161,0.22,0.22
7.982258064516128,5.8187096774193545,0.22,0.22
7.997419354838709,5.84741935483871,0.22,0.22
8.01258064516129,5.875806451612903,0.22,0.22
8.02774193548387,5.904193548387097,0.22,0.22
8.042903225806452,5.932903225806451,0.22,0.22
8.05774193548387,5.961290322580646,0.22,0.22
8.072903225806451,5.99,0.22,0.22
8.088064516129032,6.018387096774194,0.22,0.22
8.102903225806452,6.047096774193549,0.22,0.22
8.11774193548387,6.075483870967742,0.22,0.22
8.13258064516129,6.104193548387096,0.22,0.22
8.147419354838709,6.132903225806452,0.22,0.22
8.162258064516129,6.161290322580645,0.22,0.22
8.177096774193549,6.19,0.22,0.22
8.191612903225806,6.218709677419355,0.22,0.22
8.206129032258064,6.247419354838709,0.22,0.22
8.220645161290323,6.276129032258065,0.22,0.22
8.234838709677419,6.304838709677419,0.22,0.22
8.249032258064515,6.333870967741936,0.22,0.22
8.263225806451613,6.362580645161291,0.22,0.22
8.277096774193547,6.391612903225806,0.22,0.22
8.290967741935484,6.420645161290322,0.22,0.22
8.304516129032258,6.449677419354838,0.22,0.22
8.317741935483872,6.479032258064516,0.22,0.22
8.330645161290322,6.508387096774193,0.22,0.22
8.343225806451612,6.53774193548387,0.22,0.22
8.355161290322581,6.567096774193549,0.22,0.22
8.367096774193548,6.596774193548387,0.22,0.22
8.378387096774194,6.626451612903225,0.22,0.22
8.389032258064516,6.656451612903226,0.22,0.22
8.399354838709677,6.686451612903226,0.22,0.22
8.408709677419356,6.716451612903226,0.22,0.22
8.41741935483871,6.746774193548387,0.22,0.22
8.425483870967742,6.776774193548388,0.22,0.22
8.432580645161291,6.80741935483871,0.22,0.22
8.439032258064517,6.837741935483871,0.22,0.22
8.444516129032257,6.868387096774193,0.22,0.22
8.448709677419355,6.898709677419356,0.22,0.22
8.451935483870967,6.929354838709678,0.22,0.22
8.454193548387096,6.96,0.22,0.22
8.45516129032258,6.990645161290323,0.22,0.22
8.45516129032258,7.020967741935484,0.22,0.22
8.453548387096774,7.051290322580646,0.22,0.22
8.450967741935484,7.081290322580646,0.22,0.22
8.447096774193549,7.111290322580645,0.22,0.22
8.441935483870967,7.1409677419354844,0.22,0.22
8.435483870967742,7.170322580645161,0.22,0.22
8.42741935483871,7.199354838709677,0.22,0.22
8.418387096774195,7.227741935483871,0.22,0.22
8.408064516129032,7.255806451612903,0.22,0.22
8.396129032258063,7.283225806451613,0.22,0.22
8.383225806451613,7.3103225806451615,0.22,0.22
8.368709677419355,7.336451612903226,0.22,0.22
8.353225806451613,7.361935483870968,0.22,0.22
8.336774193548386,7.386451612903225,0.22,0.22
8.318709677419355,7.410645161290322,0.22,0.22
8.29967741935484,7.433548387096774,0.22,0.22
8.279677419354838,7.4554838709677425,0.22,0.22
8.258709677419354,7.476774193548387,0.22,0.22
8.236451612903226,7.496774193548387,0.22,0.22
8.213548387096774,7.516129032258065,0.22,0.22
8.189677419354839,7.533870967741936,0.22,0.22
8.16483870967742,7.550967741935485,0.22,0.22
8.139354838709677,7.566774193548387,0.22,0.22
8.112903225806452,7.581290322580646,0.22,0.22
8.086129032258064,7.594838709677419,0.22,0.22
8.058387096774194,7.60741935483871,0.22,0.22
8.03032258064516,7.618709677419355,0.22,0.22
8.001290322580646,7.628709677419355,0.22,0.22
7.972258064516128,7.637741935483871,0.22,0.22
7.94258064516129,7.645483870967742,0.22,0.22
7.91258064516129,7.652258064516129,0.22,0.22
7.882258064516129,7.6577419354838705,0.22,0.22
7.851612903225806,7.66258064516129,0.22,0.22
7.820967741935483,7.666129032258064,0.22,0.22
7.79,7.668709677419354,0.22,0.22
7.758709677419355,7.670322580645161,0.22,0.22
7.72741935483871,7.671290322580645,0.22,0.22
7.696129032258065,7.670967741935484,0.22,0.22
7.664516129032258,7.670322580645161,0.22,0.22
7.6332258064516125,7.668387096774193,0.22,0.22
7.601612903225806,7.6658064516129025,0.22,0.22
7.569999999999999,7.66258064516129,0.22,0.22
7.538387096774193,7.658709677419354,0.22,0.22
7.507096774193548,7.654193548387097,0.22,0.22
7.475806451612903,7.649032258064516,0.22,0.22
7.444193548387097,7.643225806451613,0.22,0.22
7.412903225806452,7.636774193548387,0.22,0.22
7.381612903225807,7.63,0.22,0.22
7.350645161290322,7.622580645161291,0.22,0.22
7.319354838709677,7.61483870967742,0.22,0.22
7.288387096774193,7.606774193548387,0.22,0.22
7.257419354838709,7.598064516129032,0.22,0.22
7.226451612903226,7.589032258064516,0.22,0.22
7.195806451612903,7.579677419354839,0.22,0.22
7.16483870967742,7.569999999999999,0.22,0.22
7.134193548387096,7.56,0.22,0.22
7.103870967741935,7.549677419354839,0.22,0.22
7.073225806451613,7.539032258064516,0.22,0.22
7.042903225806452,7.5283870967741935,0.22,0.22
7.0125806451612895,7.517096774193549,0.22,0.22
6.98258064516129,7.505806451612903,0.22,0.22
6.952258064516129,7.494193548387097,0.22,0.22
6.92225806451613,7.482258064516128,0.22,0.22
6.892258064516129,7.47,0.22,0.22
6.862580645161291,7.457741935483871,0.22,0.22
6.832903225806452,7.445161290322581,0.22,0.22
6.803225806451613,7.432258064516129,0.22,0.22
6.773870967741936,7.419032258064516,0.22,0.22
6.744193548387097,7.405806451612904,0.22,0.22
6.71516129032258,7.39258064516129,0.22,0.22
6.685806451612903,7.378709677419355,0.22,0.22
6.656774193548388,7.36483870967742,0.22,0.22
6.627741935483871,7.350645161290322,0.22,0.22
6.599032258064516,7.336451612903226,0.22,0.22
6.570322580645161,7.321612903225806,0.22,0.22
6.541612903225806,7.307096774193549,0.22,0.22
6.513225806451612,7.291935483870968,0.22,0.22
6.48483870967742,7.276774193548388,0.22,0.22
6.456774193548387,7.261290322580645,0.22,0.22
6.428709677419355,7.2454838709677425,0.22,0.22
6.400967741935484,7.229354838709677,0.22,0.22
6.373225806451613,7.213225806451613,0.22,0.22
6.345483870967742,7.196774193548387,0.22,0.22
6.3180645161290325,7.180000000000001,0.22,0.22
6.290645161290322,7.163225806451613,0.22,0.22
6.263548387096773,7.146129032258065,0.22,0.22
6.236451612903227,7.128709677419355,0.22,0.22
6.209354838709678,7.111290322580645,0.22,0.22
6.18258064516129,7.093548387096774,0.22,0.22
6.155806451612904,7.075806451612903,0.22,0.22
6.129354838709677,7.057741935483871,0.22,0.22
6.102903225806451,7.039354838709677,0.22,0.22
6.0764516129032256,7.020967741935484,0.22,0.22
6.050000000000001,7.002258064516129,0.22,0.22
6.023870967741936,6.983548387096774,0.22,0.22
5.998064516129032,6.964516129032258,0.22,0.22
5.971935483870968,6.945483870967742,0.22,0.22
5.946129032258065,6.926451612903226,0.22,0.22
5.920322580645161,6.9070967741935485,0.22,0.22
5.894516129032258,6.887741935483871,0.22,0.22
5.868709677419355,6.868387096774193,0.22,0.22
5.8432258064516125,6.848709677419355,0.22,0.22
5.817741935483871,6.829032258064516,0.22,0.22
5.792258064516129,6.809354838709678,0.22,0.22
5.767096774193549,6.789354838709677,0.22,0.22
5.741612903225807,6.769354838709678,0.22,0.22
5.716451612903226,6.749354838709677,0.22,0.22
5.691612903225806,6.7293548387096775,0.22,0.22
5.666451612903225,6.709354838709678,0.22,0.22
5.641612903225806,6.6890322580645165,0.22,0.22
5.616774193548388,6.668709677419354,0.22,0.22
5.591935483870968,6.648387096774194,0.22,0.22
5.567096774193549,6.627741935483871,0.22,0.22
5.54258064516129,6.60741935483871,0.22,0.22
5.518064516129033,6.586774193548387,0.22,0.22
5.493225806451613,6.565806451612903,0.22,0.22
5.469032258064516,6.54516129032258,0.22,0.22
5.444516129032258,6.524193548387097,0.22,0.22
5.420322580645161,6.503225806451613,0.22,0.22
5.395806451612904,6.482258064516128,0.22,0.22
5.371612903225807,6.460967741935484,0.22,0.22
5.34741935483871,6.44,0.22,0.22
5.323225806451613,6.418709677419354,0.22,0.22
5.299354838709678,6.397096774193549,0.22,0.22
5.275161290322581,6.375806451612903,0.22,0.22
5.251290322580645,6.354193548387096,0.22,0.22
5.22741935483871,6.332903225806452,0.22,0.22
5.203548387096775,6.311290322580645,0.22,0.22
5.179677419354839,6.289677419354838,0.22,0.22
5.155806451612904,6.267741935483872,0.22,0.22
5.132258064516129,6.2461290322580645,0.22,0.22
5.108387096774194,6.224193548387096,0.22,0.22
5.08483870967742,6.20258064516129,0.22,0.22
5.061290322580645,6.180645161290323,0.22,0.22
5.03774193548387,6.158709677419354,0.22,0.22
5.014193548387096,6.136774193548387,0.22,0.22
4.990645161290323,6.11483870967742,0.22,0.22
4.967096774193548,6.092903225806452,0.22,0.22
4.943870967741935,6.070967741935483,0.22,0.22
4.920322580645161,6.049032258064517,0.22,0.22
4.896774193548388,6.026774193548388,0.22,0.22
4.873548387096775,6.004838709677419,0.22,0.22
4.85,5.98258064516129,0.22,0.22
4.8267741935483865,5.960322580645162,0.22,0.22
4.803548387096774,5.938387096774194,0.22,0.22
4.78,5.916129032258064,0.22,0.22
4.756774193548387,5.893870967741936,0.22,0.22
4.733548387096774,5.871612903225807,0.22,0.22
4.71,5.849032258064516,0.22,0.22
4.686774193548387,5.8267741935483865,0.22,0.22
4.663548387096774,5.804516129032258,0.22,0.22
4.640322580645161,5.781935483870968,0.22,0.22
4.6170967741935485,5.759677419354839,0.22,0.22
4.593870967741935,5.737096774193549,0.22,0.22
4.570967741935483,5.714838709677419,0.22,0.22
4.547741935483871,5.692258064516129,0.22,0.22
4.524516129032258,5.669677419354838,0.22,0.22
4.501612903225807,5.64741935483871,0.22,0.22
4.478387096774194,5.62483870967742,0.22,0.22
4.455483870967743,5.602258064516128,0.22,0.22
4.43258064516129,5.579677419354839,0.22,0.22
4.409677419354838,5.557096774193549,0.22,0.22
4.386451612903225,5.534193548387097,0.22,0.22
4.363548387096775,5.511612903225807,0.22,0.22
4.340645161290323,5.489032258064516,0.22,0.22
4.317741935483871,5.466129032258064,0.22,0.22
4.29516129032258,5.443548387096774,0.22,0.22
4.272258064516129,5.420645161290322,0.22,0.22
4.249354838709677,5.397741935483872,0.22,0.22
4.226451612903226,5.37483870967742,0.22,0.22
4.203870967741936,5.351935483870967,0.22,0.22
4.1809677419354845,5.329032258064516,0.22,0.22
4.158064516129032,5.306129032258065,0.22,0.22
4.135483870967741,5.283225806451613,0.22,0.22
4.112903225806452,5.26,0.22,0.22
4.09,5.236774193548388,0.22,0.22
4.06741935483871,5.213870967741936,0.22,0.22
4.0445161290322575,5.190645161290322,0.22,0.22
4.021935483870968,5.167419354838709,0.22,0.22
3.9993548387096776,5.144193548387097,0.22,0.22
3.9767741935483873,5.120645161290323,0.22,0.22
3.9541935483870967,5.09741935483871,0.22,0.22
3.9312903225806455,5.074193548387097,0.22,0.22
3.908709677419355,5.050645161290323,0.22,0.22
3.886451612903226,5.02741935483871,0.22,0.22
3.863870967741936,5.003870967741936,0.22,0.22
3.841290322580645,4.9803225806451605,0.22,0.22
3.8187096774193545,4.956774193548387,0.22,0.22
3.7964516129032257,4.933548387096774,0.22,0.22
3.774193548387097,4.91,0.22,0.22
3.751935483870968,4.886451612903225,0.22,0.22
3.729677419354839,4.863225806451613,0.22,0.22
3.7074193548387098,4.839677419354839,0.22,0.22
3.685161290322581,4.816129032258065,0.22,0.22
3.6632258064516128,4.792903225806452,0.22,0.22
3.640967741935484,4.769354838709678,0.22,0.22
3.619032258064516,4.7461290322580645,0.22,0.22
3.5970967741935485,4.72258064516129,0.22,0.22
3.5751612903225807,4.699354838709677,0.22,0.22
3.553548387096774,4.675806451612903,0.22,0.22
3.5316129032258066,4.65258064516129,0.22,0.22
3.51,4.629032258064516,0.22,0.22
3.488064516129032,4.605806451612903,0.22,0.22
3.4664516129032257,4.58225806451613,0.22,0.22
3.44483870967742,4.558709677419355,0.22,0.22
3.422903225806452,4.535161290322581,0.22,0.22
3.401290322580645,4.511612903225807,0.22,0.22
3.3796774193548385,4.4880645161290325,0.22,0.22
3.357741935483871,4.4641935483870965,0.22,0.22
3.336129032258065,4.440645161290322,0.22,0.22
3.314516129032258,4.416774193548386,0.22,0.22
3.292903225806452,4.392903225806452,0.22,0.22
3.271290322580645,4.369032258064516,0.22,0.22
3.2496774193548386,4.34516129032258,0.22,0.22
3.228064516129032,4.321290322580645,0.22,0.22
3.2063548387096774,4.29741935483871,0.22,0.22
3.184774193548387,4.273225806451613,0.22,0.22
3.1632258064516128,4.249354838709677,0.22,0.22
3.1416774193548385,4.22516129032258,0.22,0.22
3.1201935483870966,4.200967741935483,0.22,0.22
3.0987096774193548,4.176774193548387,0.22,0.22
3.077258064516129,4.15258064516129,0.22,0.22
3.0558064516129035,4.128387096774194,0.22,0.22
3.0344193548387093,4.103870967741935,0.22,0.22
3.0130645161290324,4.079677419354839,0.22,0.22
2.9917096774193546,4.05516129032258,0.22,0.22
2.970387096774193,4.030967741935483,0.22,0.22
2.9490967741935483,4.006451612903226,0.22,0.22
2.9278387096774194,3.981935483870968,0.22,0.22
2.9066129032258066,3.957741935483871,0.22,0.22
2.8853870967741937,3.933225806451613,0.22,0.22
2.864193548387097,3.908709677419355,0.22,0.22
2.843,3.884193548387097,0.22,0.22
2.82183870967742,3.859677419354839,0.22,0.22
2.8006774193548387,3.835161290322581,0.22,0.22
2.779548387096774,3.810967741935484,0.22,0.22
2.758419354838709,3.7864516129032255,0.22,0.22
2.737322580645161,3.761935483870968,0.22,0.22
2.716225806451613,3.7374193548387096,0.22,0.22
2.6951612903225803,3.712903225806452,0.22,0.22
2.6740967741935484,3.6883870967741936,0.22,0.22
2.653032258064516,3.663870967741935,0.22,0.22
2.632,3.639354838709677,0.22,0.22
2.611,3.6148387096774193,0.22,0.22
2.590032258064516,3.5903225806451613,0.22,0.22
2.5690967741935484,3.5658064516129038,0.22,0.22
2.548193548387097,3.540967741935484,0.22,0.22
2.527322580645161,3.516451612903226,0.22,0.22
2.506516129032258,3.4919354838709675,0.22,0.22
2.4857419354838712,3.467096774193549,0.22,0.22
2.465032258064516,3.4422580645161287,0.22,0.22
2.4443870967741934,3.417741935483871,0.22,0.22
2.423774193548387,3.392903225806452,0.22,0.22
2.403258064516129,3.3680645161290323,0.22,0.22
2.382774193548387,3.343225806451613,0.22,0.22
2.3623548387096776,3.318387096774193,0.22,0.22
2.342,3.293548387096774,0.22,0.22
2.321677419354838,3.2687096774193547,0.22,0.22
2.3014193548387096,3.2435483870967743,0.22,0.22
2.2811612903225806,3.2186129032258064,0.22,0.22
2.260967741935484,3.1936129032258065,0.22,0.22
2.240774193548387,3.168548387096774,0.22,0.22
2.220612903225806,3.1434516129032257,0.22,0.22
2.200483870967742,3.1183225806451613,0.22,0.22
2.180354838709677,3.093161290322581,0.22,0.22
2.1602258064516127,3.067967741935484,0.22,0.22
2.140129032258064,3.042741935483871,0.22,0.22
2.120032258064516,3.017451612903226,0.22,0.22
2.099935483870968,2.992161290322581,0.22,0.22
2.079870967741936,2.966806451612903,0.22,0.22
2.059806451612903,2.9414193548387098,0.22,0.22
2.039806451612903,2.9160322580645164,0.22,0.22
2.019806451612903,2.8905806451612905,0.22,0.22
1.9998709677419355,2.865096774193548,0.22,0.22
1.979967741935484,2.839612903225807,0.22,0.22
1.960129032258065,2.8140645161290325,0.22,0.22
1.9403548387096776,2.7884838709677418,0.22,0.22
1.9206129032258064,2.762903225806452,0.22,0.22
1.900967741935484,2.737258064516129,0.22,0.22
1.8814193548387097,2.7115806451612903,0.22,0.22
1.861903225806452,2.685838709677419,0.22,0.22
1.842516129032258,2.660064516129032,0.22,0.22
1.823193548387097,2.6342580645161293,0.22,0.22
1.803935483870968,2.6083870967741936,0.22,0.22
1.7847741935483872,2.582483870967742,0.22,0.22
1.7657096774193548,2.556483870967742,0.22,0.22
1.746741935483871,2.5304516129032257,0.22,0.22
1.7278387096774197,2.504354838709677,0.22,0.22
1.709,2.4781935483870967,0.22,0.22
1.6902580645161291,2.452,0.22,0.22
1.6715806451612905,2.4257096774193547,0.22,0.22
1.6529677419354838,2.399387096774193,0.22,0.22
1.6344193548387098,2.373032258064516,0.22,0.22
1.615935483870968,2.3465806451612905,0.22,0.22
1.597483870967742,2.3201290322580648,0.22,0.22
1.5790967741935484,2.2936451612903226,0.22,0.22
1.5607741935483872,2.2670967741935484,0.22,0.22
1.542483870967742,2.240548387096774,0.22,0.22
1.5241935483870968,2.2139677419354835,0.22,0.22
1.505967741935484,2.1873870967741933,0.22,0.22
1.4877419354838708,2.160806451612903,0.22,0.22
1.469548387096774,2.134225806451613,0.22,0.22
1.4513870967741935,2.107645161290322,0.22,0.22
1.4332258064516128,2.0810967741935484,0.22,0.22
1.4150645161290325,2.0545161290322578,0.22,0.22
1.3969032258064518,2.027967741935484,0.22,0.22
1.378774193548387,2.0014193548387094,0.22,0.22
1.3606129032258063,1.9748709677419356,0.22,0.22
1.3424838709677418,1.9483225806451612,0.22,0.22
1.3243225806451613,1.9217741935483872,0.22,0.22
1.3061935483870968,1.895225806451613,0.22,0.22
1.2880322580645165,1.8686451612903223,0.22,0.22
1.2699032258064515,1.8420645161290323,0.22,0.22
1.251741935483871,1.8154516129032257,0.22,0.22
1.2336451612903228,1.7888064516129034,0.22,0.22
1.215516129032258,1.7621612903225807,0.22,0.22
1.1974193548387095,1.7354516129032258,0.22,0.22
1.1793870967741935,1.7087096774193549,0.22,0.22
1.1613548387096777,1.6819354838709677,0.22,0.22
1.1433548387096777,1.6551290322580643,0.22,0.22
1.1254193548387097,1.628258064516129,0.22,0.22
1.1075483870967744,1.6013548387096774,0.22,0.22
1.0897096774193549,1.5743870967741935,0.22,0.22
1.0719354838709676,1.5473870967741936,0.22,0.22
1.054258064516129,1.5203548387096777,0.22,0.22
1.0366451612903227,1.4932580645161289,0.22,0.22
1.0190967741935484,1.466129032258065,0.22,0.22
1.0016451612903223,1.4389677419354838,0.22,0.22
0.9842580645161292,1.4117741935483872,0.22,0.22
0.967,1.384548387096774,0.22,0.22
0.9498064516129032,1.3572580645161292,0.22,0.22
0.9326774193548388,1.3299354838709678,0.22,0.22
0.9156774193548388,1.3026129032258065,0.22,0.22
0.8987419354838709,1.2752258064516129,0.22,0.22
0.8819032258064515,1.2478064516129033,0.22,0.22
0.8651290322580645,1.2203548387096774,0.22,0.22
0.8484516129032258,1.1928709677419354,0.22,0.22
0.8318709677419355,1.1653225806451613,0.22,0.22
0.8153548387096774,1.1377741935483872,0.22,0.22
0.7988709677419356,1.1101290322580646,0.22,0.22
0.782483870967742,1.082483870967742,0.22,0.22
0.7661612903225807,1.054741935483871,0.22,0.22
0.7499032258064516,1.026967741935484,0.22,0.22
0.7337096774193549,0.9991290322580644,0.22,0.22
0.7175483870967742,0.9712580645161292,0.22,0.22
0.7014516129032259,0.9432903225806452,0.22,0.22
0.6854193548387097,0.9152903225806452,0.22,0.22
0.6694516129032259,0.887225806451613,0.22,0.22
0.6535161290322581,0.8591290322580645,0.22,0.22
0.6376451612903226,0.830967741935484,0.22,0.22
0.6218387096774194,0.8027741935483871,0.22,0.22
0.6060967741935485,0.7745161290322581,0.22,0.22
0.5904193548387097,0.7462580645161291,0.22,0.22
0.5748064516129032,0.717967741935484,0.22,0.22
0.559258064516129,0.6896451612903226,0.22,0.22
0.5438064516129032,0.6613225806451614,0.22,0.22
0.5284193548387097,0.6329677419354839,0.22,0.22
0.5130967741935484,0.6046129032258064,0.22,0.22
0.4978709677419354,0.576258064516129,0.22,0.22
0.4827096774193548,0.5479032258064516,0.22,0.22
0.4676451612903226,0.5195161290322581,0.22,0.22
0.4526129032258065,0.4911290322580645,0.22,0.22
0.4376774193548386,0.462741935483871,0.22,0.22
0.4228387096774194,0.4343225806451613,0.22,0.22
0.4080322580645161,0.4059032258064516,0.22,0.22
0.3932903225806451,0.3774516129032258,0.22,0.22
0.3786129032258064,0.3489677419354838,0.22,0.22
0.364,0.320458064516129,0.22,0.22
0.3494193548387097,0.2919064516129032,0.22,0.22
0.3348709677419355,0.2633129032258064,0.22,0.22
0.3203999999999999,0.2346709677419355,0.22,0.22
0.3059612903225806,0.2059806451612903,0.22,0.22
0.2915612903225806,0.1772387096774193,0.22,0.22
0.2772032258064515,0.1484451612903225,0.22,0.22
0.2628838709677419,0.1195967741935483,0.22,0.22
0.2486096774193548,0.0906903225806451,0.22,0.22
0.2343741935483871,0.0617354838709677,0.22,0.22
0.2201806451612903,0.0327258064516129,0.22,0.22
0.2060322580645161,0.0036667741935483,0.22,0.22
0.1919322580645161,-0.025438064516129,0.22,0.22
0.1778774193548387,-0.0545838709677419,0.22,0.22
0.1638774193548387,-0.0837709677419354,0.22,0.22
0.1499258064516129,-0.1129870967741935,0.22,0.22
0.1360322580645161,-0.1422354838709677,0.22,0.22
0.1221903225806451,-0.1715032258064516,0.22,0.22
0.1084064516129032,-0.2007903225806451,0.22,0.22
0.0946806451612903,-0.2300870967741935,0.22,0.22
0.0810096774193548,-0.2593935483870968,0.22,0.22
0.0673967741935483,-0.2887,0.22,0.22
0.0538354838709677,-0.3180064516129032,0.22,0.22
0.0403322580645161,-0.3473225806451612,0.22,0.22
0.0268787096774193,-0.3766129032258065,0.22,0.22
0.013476129032258,-0.4059032258064516,0.22,0.22
0.000121564516129,-0.4351935483870968,0.22,0.22
-0.0131864516129032,-0.4645161290322581,0.22,0.22
-0.0264496774193548,-0.4938064516129032,0.22,0.22
-0.0396709677419354,-0.5231290322580645,0.22,0.22
-0.0528451612903225,-0.5524516129032259,0.22,0.22
-0.0659806451612903,-0.5817741935483871,0.22,0.22
-0.0790709677419354,-0.6111612903225807,0.22,0.22
-0.0921193548387096,-0.6405483870967742,0.22,0.22
-0.1051193548387096,-0.6699677419354838,0.22,0.22
-0.1180709677419354,-0.6994193548387097,0.22,0.22
-0.1309677419354838,-0.7289032258064516,0.22,0.22
-0.1438096774193548,-0.7584516129032258,0.22,0.22
-0.1565935483870967,-0.788,0.22,0.22
-0.1693129032258064,-0.8175806451612903,0.22,0.22
-0.1819677419354838,-0.8472258064516128,0.22,0.22
-0.1945516129032258,-0.8768709677419355,0.22,0.22
-0.2070677419354838,-0.9065483870967742,0.22,0.22
-0.2195096774193548,-0.9362903225806452,0.22,0.22
-0.2318838709677419,-0.966032258064516,0.22,0.22
-0.2441870967741935,-0.9958387096774192,0.22,0.22
-0.2564225806451612,-1.0256774193548386,0.22,0.22
-0.2685903225806451,-1.0555483870967743,0.22,0.22
-0.2806967741935484,-1.085483870967742,0.22,0.22
-0.2927483870967742,-1.115451612903226,0.22,0.22
-0.3047419354838709,-1.145483870967742,0.22,0.22
-0.3166903225806451,-1.1755806451612902,0.22,0.22
-0.3285806451612903,-1.205709677419355,0.22,0.22
-0.3404516129032258,-1.2359354838709675,0.22,0.22
-0.3522903225806451,-1.2661935483870967,0.22,0.22
-0.3640645161290322,-1.296516129032258,0.22,0.22
-0.3758387096774193,-1.3268709677419357,0.22,0.22
-0.3875483870967742,-1.3572903225806452,0.22,0.22
-0.399258064516129,-1.3877096774193547,0.22,0.22
-0.4109354838709678,-1.4181612903225806,0.22,0.22
-0.4225806451612903,-1.4486451612903226,0.22,0.22
-0.4342258064516129,-1.4791290322580646,0.22,0.22
-0.4458064516129032,-1.5096129032258063,0.22,0.22
-0.4573870967741935,-1.5400645161290325,0.22,0.22
-0.4689032258064516,-1.570483870967742,0.22,0.22
-0.4804193548387097,-1.6008709677419355,0.22,0.22
-0.4919032258064516,-1.6311935483870967,0.22,0.22
-0.5033548387096773,-1.661516129032258,0.22,0.22
-0.514741935483871,-1.691741935483871,0.22,0.22
-0.5261290322580645,-1.7219354838709675,0.22,0.22
-0.5374516129032259,-1.7520967741935485,0.22,0.22
-0.548741935483871,-1.7821935483870968,0.22,0.22
-0.5599999999999999,-1.812258064516129,0.22,0.22
-0.5712258064516128,-1.842290322580645,0.22,0.22
-0.5824193548387097,-1.872322580645161,0.22,0.22
-0.5935483870967742,-1.9023548387096771,0.22,0.22
-0.6046774193548388,-1.9323870967741936,0.22,0.22
-0.615741935483871,-1.9624193548387097,0.22,0.22
-0.626774193548387,-1.992483870967742,0.22,0.22
-0.6377741935483872,-2.02258064516129,0.22,0.22
-0.6487419354838709,-2.052741935483871,0.22,0.22
-0.6596451612903226,-2.0829032258064517,0.22,0.22
-0.6705161290322581,-2.1131290322580645,0.22,0.22
-0.6813225806451613,-2.1434193548387097,0.22,0.22
-0.6920967741935483,-2.173741935483871,0.22,0.22
-0.7028387096774193,-2.204096774193548,0.22,0.22
-0.7134838709677419,-2.234483870967742,0.22,0.22
-0.7240967741935483,-2.264903225806452,0.22,0.22
-0.7346129032258064,-2.295354838709678,0.22,0.22
-0.7450967741935484,-2.325838709677419,0.22,0.22
-0.7554838709677419,-2.3563548387096773,0.22,0.22
-0.7658387096774193,-2.3869032258064515,0.22,0.22
-0.7760645161290323,-2.4174516129032257,0.22,0.22
-0.786258064516129,-2.448,0.22,0.22
-0.7963548387096775,-2.478612903225806,0.22,0.22
-0.8063870967741936,-2.509225806451613,0.22,0.22
-0.8163225806451613,-2.5398387096774195,0.22,0.22
-0.8261935483870967,-2.5705161290322582,0.22,0.22
-0.836,-2.601193548387097,0.22,0.22
-0.8457096774193548,-2.631903225806452,0.22,0.22
-0.8553548387096773,-2.662645161290323,0.22,0.22
-0.8649032258064516,-2.693387096774193,0.22,0.22
-0.8743548387096775,-2.7241935483870967,0.22,0.22
-0.883774193548387,-2.755,0.22,0.22
-0.8930967741935484,-2.7858387096774195,0.22,0.22
-0.9023225806451614,-2.8167096774193547,0.22,0.22
-0.911516129032258,-2.8475806451612904,0.22,0.22
-0.9206129032258064,-2.878516129032258,0.22,0.22
-0.9296129032258064,-2.9094516129032257,0.22,0.22
-0.9385806451612904,-2.9403870967741934,0.22,0.22
-0.947483870967742,-2.971387096774193,0.22,0.22
-0.9563225806451612,-3.0023870967741937,0.22,0.22
-0.9650645161290324,-3.033451612903226,0.22,0.22
-0.9737741935483872,-3.064516129032258,0.22,0.22
-0.9824193548387096,-3.095612903225806,0.22,0.22
-0.991,-3.1267419354838712,0.22,0.22
-0.999516129032258,-3.1579032258064514,0.22,0.22
-1.0079677419354838,-3.1890645161290325,0.22,0.22
-1.0163870967741937,-3.2202903225806447,0.22,0.22
-1.0247096774193547,-3.2516129032258063,0.22,0.22
-1.033,-3.2829032258064514,0.22,0.22
-1.0411935483870969,-3.313870967741936,0.22,0.22
-1.0493225806451614,-3.3451612903225807,0.22,0.22
-1.0574193548387096,-3.376451612903226,0.22,0.22
-1.0653870967741936,-3.407741935483871,0.22,0.22
-1.0733225806451614,-3.439032258064516,0.22,0.22
-1.081161290322581,-3.470322580645161,0.22,0.22
-1.0889032258064515,-3.5016129032258063,0.22,0.22
-1.0965483870967745,-3.5329032258064514,0.22,0.22
-1.1040967741935483,-3.564193548387097,0.22,0.22
-1.1115483870967742,-3.5954838709677417,0.22,0.22
-1.1189032258064515,-3.6267741935483873,0.22,0.22
-1.1261290322580644,-3.658064516129032,0.22,0.22
-1.133258064516129,-3.6893548387096775,0.22,0.22
-1.1402258064516129,-3.720967741935484,0.22,0.22
-1.1470645161290325,-3.7522580645161288,0.22,0.22
-1.1537741935483872,-3.7835483870967743,0.22,0.22
-1.1603225806451614,-3.815161290322581,0.22,0.22
-1.1667096774193548,-3.8464516129032256,0.22,0.22
-1.1729354838709676,-3.878064516129032,0.22,0.22
-1.179,-3.909677419354839,0.22,0.22
-1.1848709677419356,-3.941290322580645,0.22,0.22
-1.1905806451612904,-3.9729032258064514,0.22,0.22
-1.1960645161290324,-4.004838709677419,0.22,0.22
-1.2013548387096773,-4.0364516129032255,0.22,0.22
-1.206483870967742,-4.0683870967741935,0.22,0.22
-1.2113870967741935,-4.1003225806451615,0.22,0.22
-1.2160967741935482,-4.132258064516129,0.22,0.22
-1.2205806451612904,-4.164193548387097,0.22,0.22
-1.2249032258064516,-4.196129032258065,0.22,0.22
-1.229,-4.228064516129032,0.22,0.22
-1.2329354838709676,-4.26,0.22,0.22
-1.236709677419355,-4.292258064516129,0.22,0.22
-1.2403225806451614,-4.324193548387097,0.22,0.22
-1.2437419354838708,-4.356451612903226,0.22,0.22
-1.247064516129032,-4.388387096774193,0.22,0.22
-1.2502580645161292,-4.420645161290322,0.22,0.22
-1.253322580645161,-4.45258064516129,0.22,0.22
-1.2563225806451612,-4.48483870967742,0.22,0.22
-1.2592258064516129,-4.516774193548388,0.22,0.22
-1.2620967741935485,-4.549032258064517,0.22,0.22
-1.2649032258064516,-4.581290322580646,0.22,0.22
-1.2676774193548388,-4.613225806451613,0.22,0.22
-1.2704193548387095,-4.645483870967742,0.22,0.22
-1.2731935483870969,-4.677741935483871,0.22,0.22
-1.2759354838709678,-4.709677419354839,0.22,0.22
-1.278709677419355,-4.741935483870968,0.22,0.22
-1.281516129032258,-4.773870967741936,0.22,0.22
-1.2842903225806452,-4.806129032258065,0.22,0.22
-1.2871290322580646,-4.838064516129032,0.22,0.22
-1.2899677419354838,-4.870322580645161,0.22,0.22
-1.2928064516129032,-4.902258064516129,0.22,0.22
-1.2956774193548386,-4.934193548387097,0.22,0.22
-1.298516129032258,-4.966451612903226,0.22,0.22
-1.3013548387096774,-4.998387096774193,0.22,0.22
-1.3041935483870968,-5.030322580645161,0.22,0.22
-1.3070000000000002,-5.06258064516129,0.22,0.22
-1.3097419354838709,-5.094516129032258,0.22,0.22
-1.3124516129032258,-5.126451612903225,0.22,0.22
-1.3150645161290324,-5.158709677419354,0.22,0.22
-1.3176129032258064,-5.190645161290322,0.22,0.22
-1.320032258064516,-5.22258064516129,0.22,0.22
-1.3223870967741935,-5.254838709677419,0.22,0.22
-1.3245806451612905,-5.2867741935483865,0.22,0.22
-1.3266451612903225,-5.319032258064516,0.22,0.22
-1.3285483870967745,-5.350967741935484,0.22,0.22
-1.330290322580645,-5.3832258064516125,0.22,0.22
-1.3318709677419354,-5.4154838709677415,0.22,0.22
-1.333225806451613,-5.4474193548387095,0.22,0.22
-1.3343548387096775,-5.479677419354839,0.22,0.22
-1.3352903225806452,-5.511935483870968,0.22,0.22
-1.3359677419354838,-5.5441935483870965,0.22,0.22
-1.3363548387096773,-5.5761290322580646,0.22,0.22
-1.3364838709677418,-5.608387096774194,0.22,0.22
-1.3363225806451613,-5.640645161290324,0.22,0.22
-1.3358387096774194,-5.6729032258064525,0.22,0.22
-1.3350322580645162,-5.70483870967742,0.22,0.22
-1.3338709677419356,-5.737096774193549,0.22,0.22
-1.3323225806451613,-5.769032258064517,0.22,0.22
-1.3303870967741935,-5.801290322580646,0.22,0.22
-1.328032258064516,-5.833225806451614,0.22,0.22
-1.325225806451613,-5.865161290322581,0.22,0.22
-1.3219677419354838,-5.897096774193549,0.22,0.22
-1.318225806451613,-5.929032258064517,0.22,0.22
-1.314,-5.960645161290323,0.22,0.22
-1.309225806451613,-5.992258064516129,0.22,0.22
-1.3039032258064516,-6.023870967741936,0.22,0.22
-1.298032258064516,-6.055161290322581,0.22,0.22
-1.2915806451612903,-6.086451612903226,0.22,0.22
-1.2845483870967742,-6.1174193548387095,0.22,0.22
-1.2768709677419354,-6.148387096774194,0.22,0.22
-1.2685483870967742,-6.179032258064517,0.22,0.22
-1.2596129032258063,-6.209354838709678,0.22,0.22
-1.249967741935484,-6.239677419354839,0.22,0.22
-1.2396774193548388,-6.269354838709678,0.22,0.22
-1.2286774193548389,-6.299032258064517,0.22,0.22
-1.217,-6.328387096774194,0.22,0.22
-1.2045806451612904,-6.35741935483871,0.22,0.22
-1.191451612903226,-6.386129032258064,0.22,0.22
-1.1775806451612905,-6.414193548387097,0.22,0.22
-1.1629677419354838,-6.441935483870967,0.22,0.22
-1.1476451612903225,-6.469354838709678,0.22,0.22
-1.1315806451612904,-6.4964516129032255,0.22,0.22
-1.114741935483871,-6.522903225806452,0.22,0.22
-1.0971935483870967,-6.549032258064517,0.22,0.22
-1.0789032258064517,-6.574516129032258,0.22,0.22
-1.0599032258064516,-6.599354838709678,0.22,0.22
-1.0401612903225803,-6.623548387096775,0.22,0.22
-1.0197096774193548,-6.64741935483871,0.22,0.22
-0.9985806451612904,-6.670322580645161,0.22,0.22
-0.976741935483871,-6.692903225806451,0.22,0.22
-0.954258064516129,-6.714516129032258,0.22,0.22
-0.9311290322580644,-6.735483870967743,0.22,0.22
-0.9073548387096774,-6.755806451612903,0.22,0.22
-0.883,-6.775483870967742,0.22,0.22
-0.8580322580645161,-6.7941935483870965,0.22,0.22
-0.832516129032258,-6.812258064516129,0.22,0.22
-0.8064516129032258,-6.829354838709678,0.22,0.22
-0.7798709677419354,-6.845806451612903,0.22,0.22
-0.7528064516129033,-6.861290322580645,0.22,0.22
-0.7252903225806452,-6.876129032258064,0.22,0.22
-0.6973225806451613,-6.89,0.22,0.22
-0.6689354838709677,-6.903225806451613,0.22,0.22
-0.6401612903225806,-6.9151612903225805,0.22,0.22
-0.6110322580645161,-6.926774193548387,0.22,0.22
-0.5816129032258065,-6.937096774193549,0.22,0.22
-0.5518387096774193,-6.946774193548387,0.22,0.22
-0.5218387096774193,-6.955483870967743,0.22,0.22
-0.4915483870967742,-6.9632258064516135,0.22,0.22
-0.4610967741935484,-6.97,0.22,0.22
-0.4304193548387097,-6.976129032258064,0.22,0.22
-0.3996129032258064,-6.981290322580644,0.22,0.22
-0.3687096774193548,-6.985161290322581,0.22,0.22
-0.3377096774193548,-6.9883870967741935,0.22,0.22
-0.3066741935483871,-6.990322580645161,0.22,0.22
-0.2756322580645161,-6.991612903225807,0.22,0.22
-0.2446193548387096,-6.991612903225807,0.22,0.22
-0.2136774193548387,-6.990645161290323,0.22,0.22
-0.1828483870967742,-6.988709677419355,0.22,0.22
-0.1521677419354838,-6.985483870967743,0.22,0.22
-0.1216806451612903,-6.981290322580644,0.22,0.22
-0.0914258064516129,-6.975806451612903,0.22,0.22
-0.0614419354838709,-6.969354838709678,0.22,0.22
-0.0317690322580645,-6.961612903225807,0.22,0.22
-0.0024436451612903,-6.952903225806451,0.22,0.22
0.026498064516129,-6.942903225806451,0.22,0.22
0.0550225806451612,-6.931935483870968,0.22,0.22
0.0831,-6.919677419354838,0.22,0.22
0.1106967741935483,-6.906451612903226,0.22,0.22
0.1377935483870968,-6.891935483870968,0.22,0.22
0.1643612903225806,-6.876774193548387,0.22,0.22
0.1903838709677419,-6.860322580645161,0.22,0.22
0.2158419354838709,-6.842903225806452,0.22,0.22
0.2407193548387096,-6.824516129032258,0.22,0.22
0.2650032258064516,-6.805483870967742,0.22,0.22
0.2886774193548387,-6.785483870967742,0.22,0.22
0.3117354838709677,-6.764838709677419,0.22,0.22
0.3341612903225806,-6.743225806451613,0.22,0.22
0.3559354838709677,-6.720967741935484,0.22,0.22
0.3770645161290322,-6.698064516129032,0.22,0.22
0.3975161290322581,-6.674516129032258,0.22,0.22
0.4172903225806451,-6.650322580645161,0.22,0.22
0.4363548387096774,-6.6254838709677415,0.22,0.22
0.4547096774193548,-6.6003225806451615,0.22,0.22
0.4722903225806452,-6.574516129032258,0.22,0.22
0.4891290322580645,-6.548064516129033,0.22,0.22
0.5051612903225806,-6.521290322580645,0.22,0.22
0.5203548387096775,-6.493870967741936,0.22,0.22
0.5347419354838711,-6.466451612903226,0.22,0.22
0.5482258064516129,-6.438387096774194,0.22,0.22
0.5608064516129033,-6.409677419354838,0.22,0.22
0.5724516129032258,-6.380967741935484,0.22,0.22
0.5831612903225806,-6.351935483870967,0.22,0.22
0.5928387096774194,-6.322258064516129,0.22,0.22
0.601516129032258,-6.29258064516129,0.22,0.22
0.6091612903225807,-6.2625806451612895,0.22,0.22
0.615741935483871,-6.23258064516129,0.22,0.22
0.6212258064516128,-6.202258064516129,0.22,0.22
0.6256129032258064,-6.171612903225806,0.22,0.22
0.6288387096774194,-6.1409677419354844,0.22,0.22
0.6309677419354839,-6.110322580645161,0.22,0.22
0.6319032258064515,-6.079677419354839,0.22,0.22
0.6316774193548388,-6.049032258064517,0.22,0.22
0.6302903225806452,-6.018387096774194,0.22,0.22
0.6276774193548387,-5.987741935483872,0.22,0.22
0.6239032258064516,-5.95741935483871,0.22,0.22
0.6189354838709678,-5.927096774193549,0.22,0.22
0.612774193548387,-5.897096774193549,0.22,0.22
0.6054193548387097,-5.8674193548387095,0.22,0.22
0.5968709677419355,-5.838064516129032,0.22,0.22
0.5871612903225807,-5.809354838709678,0.22,0.22
0.5763225806451613,-5.780645161290322,0.22,0.22
0.5642903225806452,-5.752580645161291,0.22,0.22
0.5511612903225805,-5.72516129032258,0.22,0.22
0.5369354838709677,-5.698064516129032,0.22,0.22
0.5216129032258066,-5.671612903225806,0.22,0.22
0.5052580645161291,-5.645483870967742,0.22,0.22
0.4879032258064516,-5.620322580645161,0.22,0.22
0.4695806451612903,-5.595483870967742,0.22,0.22
0.4503225806451613,-5.571612903225806,0.22,0.22
0.4301612903225806,-5.548064516129033,0.22,0.22
0.4091612903225806,-5.525161290322581,0.22,0.22
0.3873870967741936,-5.503225806451613,0.22,0.22
0.3648387096774194,-5.481612903225806,0.22,0.22
0.3416129032258064,-5.460645161290323,0.22,0.22
0.317716129032258,-5.440645161290322,0.22,0.22
0.2932322580645161,-5.420967741935484,0.22,0.22
0.2682032258064516,-5.401612903225806,0.22,0.22
0.2426741935483871,-5.3832258064516125,0.22,0.22
0.2166935483870967,-5.365161290322581,0.22,0.22
0.1903064516129032,-5.34741935483871,0.22,0.22
0.163558064516129,-5.330322580645162,0.22,0.22
0.1364903225806451,-5.313870967741935,0.22,0.22
0.1091451612903225,-5.29741935483871,0.22,0.22
0.0815677419354838,-5.281290322580645,0.22,0.22
0.0537903225806451,-5.265483870967741,0.22,0.22
0.0258564516129032,-5.25,0.22,0.22
-0.0021953225806451,-5.23483870967742,0.22,0.22
-0.0303248387096774,-5.219354838709678,0.22,0.22
-0.0584903225806451,-5.204193548387098,0.22,0.22
-0.0866483870967742,-5.1890322580645165,0.22,0.22
-0.1147516129032258,-5.173870967741936,0.22,0.22
-0.1427548387096774,-5.158709677419354,0.22,0.22
-0.1705967741935483,-5.143225806451613,0.22,0.22
-0.1982225806451613,-5.127741935483871,0.22,0.22
-0.2255677419354838,-5.111612903225807,0.22,0.22
-0.2525677419354838,-5.095483870967742,0.22,0.22
-0.2791451612903226,-5.078709677419355,0.22,0.22
-0.3052225806451613,-5.061612903225806,0.22,0.22
-0.3307096774193548,-5.043870967741936,0.22,0.22
-0.3555483870967742,-5.025483870967742,0.22,0.22
-0.3796451612903226,-5.006451612903225,0.22,0.22
-0.4028709677419355,-4.986774193548388,0.22,0.22
-0.4251935483870967,-4.966451612903226,0.22,0.22
-0.446516129032258,-4.945483870967742,0.22,0.22
-0.4667741935483871,-4.9235483870967744,0.22,0.22
-0.4858709677419354,-4.900967741935484,0.22,0.22
-0.5037419354838709,-4.877419354838709,0.22,0.22
-0.5203225806451612,-4.853225806451612,0.22,0.22
-0.5356129032258065,-4.828064516129031,0.22,0.22
-0.5495483870967742,-4.8022580645161295,0.22,0.22
-0.5620645161290322,-4.775806451612904,0.22,0.22
-0.5731935483870967,-4.748709677419355,0.22,0.22
-0.5829354838709678,-4.7212903225806455,0.22,0.22
-0.5912258064516129,-4.692903225806451,0.22,0.22
-0.5980967741935485,-4.664193548387097,0.22,0.22
-0.6035806451612903,-4.63516129032258,0.22,0.22
-0.6076774193548388,-4.605806451612903,0.22,0.22
-0.6103870967741936,-4.5761290322580646,0.22,0.22
-0.6117096774193549,-4.546451612903225,0.22,0.22
-0.6116774193548387,-4.516774193548388,0.22,0.22
-0.6102903225806452,-4.487096774193549,0.22,0.22
-0.6075483870967742,-4.45741935483871,0.22,0.22
-0.6034838709677419,-4.428064516129033,0.22,0.22
-0.5980322580645162,-4.3990322580645165,0.22,0.22
-0.5912258064516129,-4.370645161290323,0.22,0.22
-0.5830645161290322,-4.342903225806452,0.22,0.22
-0.5734838709677419,-4.315483870967742,0.22,0.22
-0.5625483870967742,-4.289354838709677,0.22,0.22
-0.5501935483870968,-4.263870967741935,0.22,0.22
-0.5364193548387097,-4.239354838709677,0.22,0.22
-0.521258064516129,-4.216129032258064,0.22,0.22
-0.5047096774193549,-4.194193548387097,0.22,0.22
-0.4868064516129032,-4.1735483870967744,0.22,0.22
-0.4675483870967742,-4.154193548387097,0.22,0.22
-0.4469677419354839,-4.136774193548387,0.22,0.22
-0.4251935483870967,-4.120322580645161,0.22,0.22
-0.4021935483870967,-4.105806451612903,0.22,0.22
-0.3780645161290323,-4.092903225806452,0.22,0.22
-0.3529354838709678,-4.081290322580645,0.22,0.22
-0.3268387096774193,-4.071612903225806,0.22,0.22
-0.2998548387096774,-4.063548387096774,0.22,0.22
-0.2721064516129032,-4.056774193548387,0.22,0.22
-0.2436741935483871,-4.051290322580646,0.22,0.22
-0.2146451612903225,-4.047741935483871,0.22,0.22
-0.1851096774193548,-4.04516129032258,0.22,0.22
-0.1551516129032258,-4.043870967741936,0.22,0.22
-0.1248451612903225,-4.043548387096774,0.22,0.22
-0.0942612903225806,-4.0445161290322575,0.22,0.22
-0.0634612903225806,-4.046451612903225,0.22,0.22
-0.0325,-4.049032258064516,0.22,0.22
-0.0014246774193548,-4.0525806451612905,0.22,0.22
0.0297277419354838,-4.056451612903226,0.22,0.22
0.0609290322580645,-4.061290322580645,0.22,0.22
0.0921548387096774,-4.066451612903226,0.22,0.22
0.1233903225806451,-4.072258064516129,0.22,0.22
0.1546258064516129,-4.078064516129032,0.22,0.22
0.185858064516129,-4.0845161290322585,0.22,0.22
0.2170838709677419,-4.091290322580645,0.22,0.22
0.2483032258064516,-4.098064516129033,0.22,0.22
0.2795258064516129,-4.105161290322581,0.22,0.22
0.3107483870967742,-4.112258064516129,0.22,0.22
0.3419677419354839,-4.119677419354838,0.22,0.22
0.3732258064516129,-4.127096774193548,0.22,0.22
0.4044516129032258,-4.134516129032257,0.22,0.22
0.4357096774193548,-4.142258064516129,0.22,0.22
0.467,-4.15,0.22,0.22
0.498258064516129,-4.157741935483871,0.22,0.22
0.5295483870967742,-4.1654838709677415,0.22,0.22
0.5608064516129033,-4.1732258064516135,0.22,0.22
0.5920645161290322,-4.1809677419354845,0.22,0.22
0.6233225806451613,-4.188709677419355,0.22,0.22
0.6545806451612903,-4.196774193548387,0.22,0.22
0.6857741935483871,-4.204516129032259,0.22,0.22
0.717,-4.21225806451613,0.22,0.22
0.7481935483870967,-4.220322580645162,0.22,0.22
0.7793548387096775,-4.228064516129032,0.22,0.22
0.8105161290322581,-4.235806451612904,0.22,0.22
0.8416774193548386,-4.243870967741936,0.22,0.22
0.8728064516129032,-4.251612903225807,0.22,0.22
0.903967741935484,-4.259677419354839,0.22,0.22
0.9351290322580644,-4.26741935483871,0.22,0.22
0.9662903225806452,-4.275483870967742,0.22,0.22
0.997483870967742,-4.283225806451613,0.22,0.22
1.0286774193548387,-4.291290322580645,0.22,0.22
1.0598709677419356,-4.299032258064517,0.22,0.22
1.0910967741935482,-4.307096774193549,0.22,0.22
1.122322580645161,-4.315161290322581,0.22,0.22
1.1535483870967742,-4.322903225806451,0.22,0.22
1.184806451612903,-4.330967741935484,0.22,0.22
1.2160322580645162,-4.339032258064516,0.22,0.22
1.247290322580645,-4.347096774193548,0.22,0.22
1.278516129032258,-4.35516129032258,0.22,0.22
1.309774193548387,-4.362903225806452,0.22,0.22
1.341,-4.370967741935484,0.22,0.22
1.3721935483870966,-4.379032258064516,0.22,0.22
1.4034193548387095,-4.387096774193548,0.22,0.22
1.4346451612903224,-4.395161290322581,0.22,0.22
1.4658387096774197,-4.403225806451613,0.22,0.22
1.497032258064516,-4.410967741935484,0.22,0.22
1.528258064516129,-4.419032258064516,0.22,0.22
1.559451612903226,-4.427096774193549,0.22,0.22
1.5906774193548388,-4.435161290322581,0.22,0.22
1.6219032258064516,-4.443225806451613,0.22,0.22
1.6531290322580643,-4.450967741935483,0.22,0.22
1.6843870967741936,-4.459032258064516,0.22,0.22
1.7156451612903227,-4.467096774193548,0.22,0.22
1.7469032258064516,-4.47516129032258,0.22,0.22
1.7781935483870968,-4.482903225806451,0.22,0.22
1.8094838709677417,-4.490967741935484,0.22,0.22
1.840741935483871,-4.498709677419355,0.22,0.22
1.872032258064516,-4.506774193548387,0.22,0.22
1.9032903225806448,-4.514516129032257,0.22,0.22
1.9345806451612904,-4.52258064516129,0.22,0.22
1.9658064516129032,-4.530322580645161,0.22,0.22
1.997064516129032,-4.538387096774193,0.22,0.22
2.028290322580645,-4.546129032258064,0.22,0.22
2.059483870967742,-4.553870967741935,0.22,0.22
2.0906774193548388,-4.561935483870967,0.22,0.22
2.1218387096774194,-4.569677419354838,0.22,0.22
2.153032258064516,-4.577419354838709,0.22,0.22
2.1841612903225807,-4.5851612903225805,0.22,0.22
2.2153225806451613,-4.5932258064516125,0.22,0.22
2.246483870967742,-4.600967741935484,0.22,0.22
2.2776451612903226,-4.6087096774193546,0.22,0.22
2.308838709677419,-4.6164516129032265,0.22,0.22
2.3400000000000003,-4.624193548387097,0.22,0.22
2.371225806451613,-4.631935483870968,0.22,0.22
2.4024516129032256,-4.639677419354839,0.22,0.22
2.4337096774193547,-4.647741935483872,0.22,0.22
2.4650000000000003,-4.655483870967742,0.22,0.22
2.496322580645161,-4.663225806451613,0.22,0.22
2.5276451612903226,-4.670967741935484,0.22,0.22
2.559,-4.678709677419355,0.22,0.22
2.5903870967741938,-4.686451612903226,0.22,0.22
2.621806451612903,-4.694516129032258,0.22,0.22
2.653225806451613,-4.702258064516129,0.22,0.22
2.6846451612903226,-4.71,0.22,0.22
2.716064516129032,-4.717741935483871,0.22,0.22
2.747483870967742,-4.725483870967742,0.22,0.22
2.778935483870968,-4.733225806451612,0.22,0.22
2.810354838709677,-4.740967741935484,0.22,0.22
2.8417419354838707,-4.748709677419355,0.22,0.22
2.8731612903225807,-4.756451612903225,0.22,0.22
2.904548387096774,-4.764193548387096,0.22,0.22
2.9359354838709675,-4.771612903225806,0.22,0.22
2.967290322580645,-4.779032258064516,0.22,0.22
2.9986451612903227,-4.7864516129032255,0.22,0.22
3.03,-4.793548387096774,0.22,0.22
3.0613548387096774,-4.800645161290323,0.22,0.22
3.092677419354839,-4.807741935483871,0.22,0.22
3.124,-4.814193548387097,0.22,0.22
3.155258064516129,-4.820645161290322,0.22,0.22
3.186516129032258,-4.8267741935483865,0.22,0.22
3.217741935483871,-4.832580645161291,0.22,0.22
3.249032258064516,-4.837741935483871,0.22,0.22
3.28,-4.8422580645161295,0.22,0.22
3.310967741935484,-4.846451612903226,0.22,0.22
3.3416129032258066,-4.849677419354839,0.22,0.22
3.3722580645161293,-4.852258064516128,0.22,0.22
3.4025806451612906,-4.853870967741935,0.22,0.22
3.432903225806452,-4.854193548387096,0.22,0.22
3.4625806451612906,-4.853870967741935,0.22,0.22
3.4919354838709675,-4.852258064516128,0.22,0.22
3.5206451612903225,-4.849032258064516,0.22,0.22
3.549032258064516,-4.844838709677419,0.22,0.22
3.576451612903226,-4.839032258064516,0.22,0.22
3.603225806451613,-4.831612903225807,0.22,0.22
3.6293548387096775,-4.82258064516129,0.22,0.22
3.654193548387097,-4.811935483870967,0.22,0.22
3.678064516129032,-4.799677419354839,0.22,0.22
3.7006451612903226,-4.7861290322580645,0.22,0.22
3.722258064516129,-4.7706451612903225,0.22,0.22
3.7422580645161294,-4.753548387096775,0.22,0.22
3.7606451612903222,-4.73483870967742,0.22,0.22
3.778064516129033,-4.714838709677419,0.22,0.22
3.793548387096774,-4.693225806451613,0.22,0.22
3.8077419354838713,-4.670645161290322,0.22,0.22
3.82,-4.646451612903226,0.22,0.22
3.830967741935484,-4.621290322580645,0.22,0.22
3.840322580645161,-4.59516129032258,0.22,0.22
3.848387096774193,-4.5680645161290325,0.22,0.22
3.85483870967742,-4.54,0.22,0.22
3.859677419354839,-4.511612903225807,0.22,0.22
3.863548387096774,-4.482258064516128,0.22,0.22
3.866129032258064,-4.45258064516129,0.22,0.22
3.86741935483871,-4.42225806451613,0.22,0.22
3.867741935483872,-4.391935483870968,0.22,0.22
3.867096774193548,-4.360967741935484,0.22,0.22
3.8654838709677417,-4.33,0.22,0.22
3.863225806451613,-4.298709677419355,0.22,0.22
3.8606451612903223,-4.26741935483871,0.22,0.22
3.857096774193548,-4.236129032258065,0.22,0.22
3.853548387096774,-4.204516129032259,0.22,0.22
3.849354838709677,-4.1729032258064525,0.22,0.22
3.8451612903225807,-4.141612903225806,0.22,0.22
3.8406451612903223,-4.11,0.22,0.22
3.836451612903226,-4.078387096774194,0.22,0.22
3.831935483870968,-4.046774193548387,0.22,0.22
3.827741935483871,-4.01516129032258,0.22,0.22
3.823870967741936,-3.983548387096774,0.22,0.22
3.82,-3.951935483870968,0.22,0.22
3.8167741935483863,-3.920322580645162,0.22,0.22
3.813870967741936,-3.888709677419355,0.22,0.22
3.8116129032258064,-3.857096774193548,0.22,0.22
3.81,-3.825483870967742,0.22,0.22
3.8087096774193543,-3.793870967741936,0.22,0.22
3.8083870967741937,-3.7625806451612895,0.22,0.22
3.8087096774193543,-3.730967741935484,0.22,0.22
3.809677419354839,-3.699677419354839,0.22,0.22
3.8116129032258064,-3.6683870967741936,0.22,0.22
3.814193548387097,-3.637096774193549,0.22,0.22
3.817741935483871,-3.605806451612904,0.22,0.22
3.821935483870968,-3.5748387096774192,0.22,0.22
3.82741935483871,-3.544193548387097,0.22,0.22
3.833548387096774,-3.513225806451613,0.22,0.22
3.8406451612903223,-3.482903225806452,0.22,0.22
3.8487096774193543,-3.4525806451612904,0.22,0.22
3.8574193548387097,-3.42258064516129,0.22,0.22
3.86741935483871,-3.392903225806452,0.22,0.22
3.877741935483871,-3.363548387096774,0.22,0.22
3.889354838709677,-3.3341935483870966,0.22,0.22
3.901612903225807,-3.305483870967742,0.22,0.22
3.914516129032258,-3.276774193548387,0.22,0.22
3.9283870967741934,-3.2483870967741937,0.22,0.22
3.942903225806452,-3.220612903225806,0.22,0.22
3.958387096774193,-3.192967741935484,0.22,0.22
3.9741935483870967,-3.1656774193548385,0.22,0.22
3.990645161290322,-3.138645161290323,0.22,0.22
4.007741935483871,-3.111935483870968,0.22,0.22
4.025483870967742,-3.085516129032258,0.22,0.22
4.043548387096774,-3.0593548387096776,0.22,0.22
4.062258064516129,-3.033451612903226,0.22,0.22
4.081290322580645,-3.007774193548387,0.22,0.22
4.100967741935484,-2.9823548387096777,0.22,0.22
4.120645161290322,-2.9570967741935483,0.22,0.22
4.1409677419354844,-2.932032258064516,0.22,0.22
4.161290322580645,-2.9071290322580645,0.22,0.22
4.181935483870968,-2.882354838709677,0.22,0.22
4.202903225806451,-2.857741935483871,0.22,0.22
4.224193548387096,-2.8332258064516127,0.22,0.22
4.245483870967743,-2.808838709677419,0.22,0.22
4.266774193548388,-2.784548387096774,0.22,0.22
4.288387096774193,-2.760322580645161,0.22,0.22
4.3100000000000005,-2.7361935483870967,0.22,0.22
4.331612903225807,-2.712129032258064,0.22,0.22
4.353225806451612,-2.688129032258064,0.22,0.22
4.3751612903225805,-2.6641612903225806,0.22,0.22
4.396774193548388,-2.640258064516129,0.22,0.22
4.418709677419354,-2.6163870967741936,0.22,0.22
4.440645161290322,-2.592548387096774,0.22,0.22
4.46225806451613,-2.568741935483871,0.22,0.22
4.484193548387096,-2.544967741935484,0.22,0.22
4.505806451612903,-2.521225806451613,0.22,0.22
4.527741935483872,-2.4975161290322583,0.22,0.22
4.549354838709678,-2.4738064516129032,0.22,0.22
4.570967741935483,-2.4500967741935487,0.22,0.22
4.592903225806452,-2.4264193548387096,0.22,0.22
4.614516129032259,-2.402741935483871,0.22,0.22
4.636129032258064,-2.379096774193548,0.22,0.22
4.658064516129032,-2.355451612903226,0.22,0.22
4.679677419354839,-2.331806451612904,0.22,0.22
4.701290322580645,-2.308193548387097,0.22,0.22
4.722903225806451,-2.2845806451612902,0.22,0.22
4.74483870967742,-2.260935483870968,0.22,0.22
4.766451612903226,-2.237322580645161,0.22,0.22
4.788064516129032,-2.213709677419355,0.22,0.22
4.809677419354839,-2.190064516129032,0.22,0.22
4.831612903225807,-2.166451612903226,0.22,0.22
4.853225806451612,-2.1428064516129037,0.22,0.22
4.8751612903225805,-2.1191612903225807,0.22,0.22
4.896774193548388,-2.095516129032258,0.22,0.22
4.918387096774193,-2.07183870967742,0.22,0.22
4.940322580645161,-2.0481612903225805,0.22,0.22
4.961935483870968,-2.024483870967742,0.22,0.22
4.983870967741935,-2.000774193548387,0.22,0.22
5.005483870967741,-1.9770645161290323,0.22,0.22
5.02741935483871,-1.9533548387096773,0.22,0.22
5.049354838709678,-1.9296451612903227,0.22,0.22
5.070967741935483,-1.905935483870968,0.22,0.22
5.092903225806452,-1.8821935483870968,0.22,0.22
5.11483870967742,-1.8584516129032256,0.22,0.22
5.136451612903225,-1.834741935483871,0.22,0.22
5.158387096774193,-1.811,0.22,0.22
5.180322580645162,-1.7872580645161291,0.22,0.22
5.201935483870967,-1.7634838709677418,0.22,0.22
5.223870967741935,-1.739741935483871,0.22,0.22
5.245806451612904,-1.715967741935484,0.22,0.22
5.26741935483871,-1.692193548387097,0.22,0.22
5.289354838709677,-1.6684193548387096,0.22,0.22
5.311290322580645,-1.6446451612903226,0.22,0.22
5.333225806451614,-1.6208387096774195,0.22,0.22
5.354838709677419,-1.5970645161290322,0.22,0.22
5.376774193548387,-1.5732580645161292,0.22,0.22
5.398709677419356,-1.549451612903226,0.22,0.22
5.420322580645161,-1.5256774193548386,0.22,0.22
5.442258064516129,-1.5018709677419355,0.22,0.22
5.463870967741936,-1.4780645161290322,0.22,0.22
5.485806451612904,-1.4542903225806452,0.22,0.22
5.507419354838709,-1.430483870967742,0.22,0.22
5.529354838709677,-1.4066774193548386,0.22,0.22
5.550967741935485,-1.3829032258064515,0.22,0.22
5.572903225806451,-1.3590967741935482,0.22,0.22
5.594516129032258,-1.3352903225806452,0.22,0.22
5.616129032258065,-1.311483870967742,0.22,0.22
5.638064516129032,-1.2876451612903226,0.22,0.22
5.659677419354838,-1.2638387096774195,0.22,0.22
5.681612903225807,-1.24,0.22,0.22
5.703225806451614,-1.2161612903225807,0.22,0.22
5.72516129032258,-1.1922903225806452,0.22,0.22
5.746774193548387,-1.168451612903226,0.22,0.22
5.768709677419356,-1.1445806451612903,0.22,0.22
5.790322580645161,-1.120741935483871,0.22,0.22
5.812258064516129,-1.0968709677419357,0.22,0.22
5.8341935483870975,-1.073,0.22,0.22
5.855806451612903,-1.0491290322580646,0.22,0.22
5.877741935483871,-1.0252903225806451,0.22,0.22
5.899677419354839,-1.0014193548387096,0.22,0.22
5.921612903225806,-0.9775806451612904,0.22,0.22
5.943548387096774,-0.953741935483871,0.22,0.22
5.96516129032258,-0.9299032258064516,0.22,0.22
5.987096774193549,-0.9060645161290324,0.22,0.22
6.009032258064516,-0.8822580645161291,0.22,0.22
6.030967741935484,-0.8584516129032258,0.22,0.22
6.052903225806452,-0.8346451612903225,0.22,0.22
6.074516129032258,-0.8108709677419355,0.22,0.22
6.096451612903226,-0.7870967741935483,0.22,0.22
6.118387096774193,-0.7633225806451613,0.22,0.22
6.14,-0.7395806451612903,0.22,0.22
6.161935483870968,-0.7158387096774194,0.22,0.22
6.183548387096774,-0.6920967741935483,0.22,0.22
6.205483870967743,-0.6683548387096775,0.22,0.22
6.227096774193548,-0.6446129032258064,0.22,0.22
6.249032258064516,-0.6209032258064516,0.22,0.22
6.2706451612903225,-0.5971612903225807,0.22,0.22
6.29258064516129,-0.5734516129032259,0.22,0.22
6.314193548387097,-0.5497096774193548,0.22,0.22
6.335806451612903,-0.5259677419354839,0.22,0.22
6.357741935483871,-0.502225806451613,0.22,0.22
6.379354838709677,-0.4784516129032258,0.22,0.22
6.400967741935484,-0.4546774193548387,0.22,0.22
6.4229032258064525,-0.4308709677419354,0.22,0.22
6.444516129032258,-0.4070645161290322,0.22,0.22
6.466129032258064,-0.383258064516129,0.22,0.22
6.487741935483872,-0.3594193548387097,0.22,0.22
6.509677419354839,-0.3355483870967741,0.22,0.22
6.531290322580645,-0.3116516129032258,0.22,0.22
6.553225806451613,-0.2877419354838709,0.22,0.22
6.574838709677419,-0.2638032258064516,0.22,0.22
6.596774193548387,-0.2398354838709677,0.22,0.22
6.618387096774193,-0.2158322580645161,0.22,0.22
6.640322580645161,-0.1917935483870967,0.22,0.22
6.662258064516129,-0.1677064516129032,0.22,0.22
6.684193548387097,-0.1435677419354838,0.22,0.22
6.706129032258064,-0.1193774193548387,0.22,0.22
6.728387096774194,-0.0951225806451612,0.22,0.22
6.750645161290323,-0.0708,0.22,0.22
6.772903225806452,-0.0464096774193548,0.22,0.22
6.79516129032258,-0.0219445161290322,0.22,0.22
6.81741935483871,0.0025912258064516,0.22,0.22
6.84,0.0271970967741935,0.22,0.22
6.862580645161291,0.0518677419354838,0.22,0.22
6.88516129032258,0.0766,0.22,0.22
6.907741935483871,0.1013806451612903,0.22,0.22
6.938064516129033,0.1345225806451613,0.22,0.22
